6 401
438 399
869 390
1301 383
1732 384
2164 387
2595 390
3027 396
3458 398
3890 400
4321 400
4753 403
5184 399
5616 391
6047 386
6479 340
6910 358
7342 371
7773 374
8205 331
8636 343
9068 354
9499 368
9931 377
10362 383
10794 381
11227 376
11658 383
12090 384
12521 388
12953 395
13384 392
13816 395
14251 391
14682 388
15114 391
15545 388
15977 393
16408 393
16840 389
17271 385
17703 375
18134 379
18566 376
18997 388
19429 388
19860 392
20292 384
20723 378
21155 373
21586 374
22018 384
22449 390
22881 395
23312 395
23744 394
24175 394
24607 386
25038 379
25470 383
25901 382
26333 337
26764 349
27196 357
27627 364
28059 373
28490 372
28922 384
29353 391
29785 387
30216 388
30649 380
31081 336
31512 353
31944 366
32375 375
32807 375
33238 380
33670 384
34101 388
34533 382
34964 391
35396 391
35827 385
36262 381
36694 383
37125 384
37557 391
37988 393
38420 391
38851 386
39283 379
39714 380
40146 387
40577 388
41009 395
41440 397
41872 393
42303 388
42735 390
43166 393
43598 390
44029 342
44461 350
44892 364
45324 365
45755 374
46187 382
46618 378
47050 384
47481 379
47913 377
48344 378
48776 386
49207 392
49639 400
50084 396
50516 399
50947 389
51379 390
51810 386
52242 341
52673 362
53105 375
53536 370
53968 386
54399 377
54831 372
55265 380
55697 383
56128 377
56560 390
56991 388
57423 389
57854 383
58286 389
58717 382
59149 387
59580 389
60011 377
60443 384
60874 341
61306 355
61737 358
62169 326
62600 334
63032 340
63463 368
63895 372
64326 375
64758 383
65189 381
65620 377
66052 386
66483 393
66915 382
67346 374
67778 377
68209 369
68641 375
69072 377
69504 378
69935 379
70366 389
70798 385
71229 386
71661 399
72092 388
72524 338
72955 365
73387 364
73818 370
74250 384
74681 391
75112 387
75544 381
75975 391
76407 378
76838 376
77273 375
77705 373
78136 371
78568 384
78999 387
79431 390
79862 396
80293 394
80725 393
81156 399
81588 387
82019 385
82451 387
82882 391
83314 383
83745 385
84177 386
84608 387
85039 393
85471 394
85902 396
86334 394
86765 394
87197 393
87628 394
88060 391
88491 384
88922 374
89354 381
89785 374
90217 379
90650 384
91081 392
91513 390
91944 395
92376 397
92807 385
93239 383
93670 385
94102 374
94533 378
94965 393
95396 390
95828 394
96259 398
96690 393
97122 389
97553 394
97985 391
98416 386
98848 388
99279 387
99711 376
100151 386
100582 382
101014 388
101445 389
101877 389
102308 388
102740 391
103171 393
103602 394
104034 396
104465 399
104897 390
105328 393
105760 390
106191 394
106622 398
107054 400
107485 404
107917 404
108348 401
108780 399
109211 397
109642 394
110074 396
110505 400
110937 403
111368 398
111800 346
112231 311
112662 334
113094 355
113525 363
113957 372
114388 370
114820 380
115251 385
115682 382
116114 377
116545 379
116977 381
117408 379
117840 376
118271 383
118702 382
119134 386
119565 391
119997 388
120428 394
120860 399
121295 394
121726 396
122158 398
122589 349
123020 360
123452 372
123883 371
124315 373
124746 373
125178 379
125609 384
126040 391
126472 387
126903 384
127335 391
127766 391
128198 386
128629 389
129060 389
129492 383
129923 388
130355 391
130786 389
131217 387
131651 380
132082 385
132514 381
132945 382
133376 389
133808 387
134239 390
134671 388
135102 390
135534 385
135965 389
136396 386
136828 392
137259 397
137691 390
138122 394
138554 398
138985 401
139416 398
139848 399
140279 393
140711 393
141142 387
141574 384
142005 388
142437 395
142868 389
143299 388
143731 393
144162 392
144594 393
145025 386
145456 391
145891 391
146322 386
146754 392
147185 393
147616 386
148048 339
148479 353
148911 359
149342 362
149774 364
