31 0 0.75 304
492 32 -20.09 336
949 41 -18.02 345
1395 51 -17.22 355
1854 60 -15.10 364
2314 75 -18.96 379
2773 79 -11.85 375
3228 81 -2.83 373
3678 83 6.07 375
4139 95 5.23 387
4586 103 8.06 379
5047 105 17.22 377
5492 114 18.99 386
5954 115 29.18 387
6415 116 39.35 388
6861 124 42.15 396
7310 128 49.02 400
7754 129 58.77 401
8209 134 64.79 396
8652 135 74.52 395
9107 136 84.54 394
9565 138 93.63 396
10020 143 99.65 401
10470 150 103.54 394
10928 152 112.63 392
11387 153 122.75 393
11831 158 128.50 388
12289 162 135.59 392
12746 164 144.66 394
13187 173 146.34 385
13637 174 156.23 384
14087 184 157.13 394
14546 184 168.25 394
14994 191 172.10 401
15442 195 178.94 397
15894 199 185.89 393
16349 202 193.91 390
16797 207 199.76 385
17262 217 201.02 375
17716 226 203.01 384
18172 230 210.05 388
18622 233 217.95 385
19071 237 224.83 381
19522 238 234.75 380
19970 247 236.60 389
20417 251 243.42 393
20878 251 254.58 393
21339 258 258.75 386
21788 269 258.62 397
22228 274 264.28 392
22686 279 270.37 387
23145 280 280.48 386
23601 286 285.52 392
24050 295 287.40 383
24507 296 297.46 384
24948 302 302.14 390
25394 309 305.94 383
25845 311 314.87 385
26308 313 324.08 383
26762 314 334.07 384
27223 322 337.23 392
27674 324 346.16 394
28120 324 356.96 394
28569 327 364.83 397
29031 332 371.02 392
29486 336 378.04 396
29938 337 387.98 397
30390 343 392.93 391
30846 343 403.97 391
31291 345 412.75 389
31743 350 418.69 384
32191 361 418.54 373
32632 370 420.22 382
33087 375 426.24 377
33528 376 435.92 376
33976 385 437.77 385
34433 386 447.83 386
34884 392 452.75 392
35342 395 460.85 395
35793 406 460.77 384
36243 409 468.66 387
36695 412 476.61 390
37136 417 482.29 385
37593 418 492.36 384
38033 425 496.01 391
38486 426 505.98 390
38929 430 512.71 394
39376 436 517.53 400
39837 442 522.70 406
40292 458 517.71 390
40747 505 481.73 343
41208 518 479.90 356
41654 532 476.70 370
42105 542 477.62 380
42561 546 484.66 376
43012 553 488.58 383
43470 554 498.67 382
43917 599 464.50 337
44371 610 464.49 348
44817 613 472.29 351
45278 621 475.46 359
45728 634 473.35 372
46189 642 476.52 380
46649 652 477.66 390
47099 660 480.55 398
47552 669 482.52 389
48007 671 491.54 387
48448 678 495.22 380
48907 720 464.34 338
49350 739 456.06 357
49803 742 464.03 360
50259 779 438.08 397
50717 793 435.17 383
51176 808 431.28 368
51626 841 409.18 401
52071 845 415.96 397
52516 880 391.73 362
52968 926 356.68 408
53417 926 367.55 408
53867 953 351.45 381
54324 984 331.52 412
54780 986 340.56 410
55224 1010 327.31 386
55664 1029 318.96 405
56127 1035 324.18 399
56583 1065 305.22 369
57034 1087 294.14 391
57480 1091 300.94 395
57935 1117 285.96 369
58378 1150 263.69 402
58840 1200 224.88 352
59287 1209 226.70 343
59745 1242 204.79 376
60201 1257 200.83 391
60652 1283 185.75 365
61095 1311 168.48 393
61540 1313 177.26 391
61994 1336 165.25 368
62442 1364 148.10 396
62891 1366 156.97 394
63352 1394 140.14 366
63806 1424 121.13 396
64262 1426 130.17 394
64708 1450 116.98 370
65173 1480 98.24 400
65618 1483 106.01 403
66061 1509 90.74 377
66522 1527 83.90 395
66983 1532 90.07 400
67429 1562 70.87 370
67870 1585 58.55 393
68332 1585 69.73 393
68788 1613 52.78 365
69233 1640 36.55 392
69681 1644 43.40 396
70122 1678 20.08 362
70568 1696 12.88 380
71021 1715 4.85 399
71477 1745 -14.11 369
71923 1761 -19.31 385
72376 1772 -19.34 396
72824 1793 -29.49 375
73270 1801 -26.69 383
73735 1817 -31.43 399
74186 1847 -50.50 369
74640 1868 -60.51 390
75090 1886 -67.61 408
75552 1912 -82.43 382
76002 1928 -87.53 398
76461 1938 -86.41 408
76919 1971 -108.32 375
77373 1985 -111.33 389
77817 1996 -111.58 400
78263 2014 -118.78 382
78714 2053 -146.85 343
79167 2079 -161.88 369
79618 2095 -166.96 353
80074 2110 -170.92 368
80522 2132 -182.07 390
80984 2150 -188.88 372
81434 2158 -185.99 380
81886 2185 -202.04 407
82340 2220 -226.05 372
82790 2225 -220.15 377
83244 2247 -231.16 399
83696 2268 -241.21 378
84161 2271 -232.95 381
84602 2299 -250.27 409
85053 2329 -269.35 379
85501 2331 -260.50 381
85952 2350 -268.58 400
86398 2379 -286.78 371
86846 2383 -279.93 375
87307 2413 -298.77 405
87751 2447 -322.01 371
88213 2448 -311.83 370
88668 2484 -336.81 406
89111 2507 -349.08 383
89561 2515 -346.18 375
90010 2545 -365.31 405
90456 2572 -381.51 378
90918 2578 -376.32 372
91372 2607 -394.33 401
91816 2632 -408.57 376
92273 2640 -405.51 384
92722 2672 -426.64 416
93178 2700 -443.59 388
93625 2704 -436.77 392
94073 2730 -451.92 418
94529 2753 -463.88 395
94976 2760 -460.05 388
95420 2785 -474.30 413
95860 2808 -486.65 390
96321 2814 -481.48 384
96779 2836 -492.39 406
97225 2857 -502.59 385
97686 2864 -498.43 378
98146 2898 -521.29 412
98609 2923 -535.07 387
99068 2935 -535.96 375
99511 2960 -550.23 400
99963 2978 -557.29 382
100425 2983 -551.10 377
100868 2989 -546.37 383
101317 2994 -540.50 388
101773 3002 -537.46 396
102213 3008 -532.80 402
102661 3012 -525.95 398
103106 3016 -519.18 394
103559 3023 -515.21 401
104017 3030 -511.11 394
104473 3038 -508.07 386
104914 3048 -507.39 396
105360 3054 -502.59 402
105804 3057 -494.84 405
106252 3059 -485.99 407
106699 3075 -491.17 391
107147 3086 -491.32 380
107594 3088 -482.49 378
108055 3110 -493.33 400
108516 3115 -487.17 405
108977 3121 -482.00 399
109434 3131 -480.94 389
109895 3132 -470.77 388
110358 3147 -474.56 373
110809 3156 -472.64 382
111263 3161 -466.64 377
111720 3162 -456.58 376
112176 3170 -453.54 384
112629 3179 -451.57 393
113092 3180 -441.35 392
113540 3188 -438.50 384
113987 3194 -433.68 390
114444 3197 -425.61 393
114900 3198 -415.57 394
115353 3203 -409.60 399
115814 3205 -400.44 397
116274 3205 -389.30 397
116737 3213 -386.09 389
117189 3219 -381.14 383
117652 3224 -374.93 378
118102 3237 -377.03 391
118547 3245 -374.25 383
118993 3252 -370.45 390
119443 3262 -369.56 400
119900 3263 -359.49 401
120343 3264 -349.76 402
120794 3271 -345.84 395
121252 3272 -335.75 396
121717 3278 -330.49 402
122169 3279 -320.54 401
122628 3281 -311.43 399
123083 3282 -301.41 400
123543 3288 -296.27 406
123992 3293 -290.40 401
124441 3294 -280.52 402
124897 3297 -272.48 405
125345 3309 -273.63 393
125799 3315 -268.64 387
126246 3325 -267.81 397
126712 3336 -267.53 386
127175 3341 -261.32 381
127633 3344 -253.23 378
128094 3358 -256.06 392
128557 3364 -250.85 398
129018 3369 -244.69 403
129474 3377 -241.65 395
129931 3386 -239.58 386
130378 3401 -243.75 401
130828 3413 -244.86 389
131287 3418 -238.74 394
131733 3426 -235.94 402
132178 3426 -225.16 402
132634 3429 -217.12 399
133087 3435 -212.15 393
133533 3440 -206.35 398
133983 3450 -205.45 408
134438 3458 -202.44 400
134890 3462 -195.49 396
135343 3464 -186.52 394
135799 3469 -180.48 399
136244 3480 -180.70 388
136693 3480 -169.83 388
137148 3482 -160.81 390
137601 3487 -154.84 385
138055 3493 -149.85 391
138513 3496 -141.76 394
138972 3501 -135.64 399
139433 3506 -129.48 394
139889 3508 -120.43 396
140338 3514 -115.56 402
140800 3533 -123.37 383
141263 3536 -115.16 386
141718 3539 -107.14 383
142170 3543 -100.20 387
142627 3547 -93.13 383
143071 3551 -86.38 387
143525 3552 -76.38 386
143980 3559 -72.37 379
144441 3560 -62.20 380
144899 3561 -52.11 379
145349 3564 -44.21 376
145810 3569 -38.05 381
146270 3573 -30.91 385
146720 3582 -29.01 394
147170 3591 -27.12 403
147627 3603 -28.05 391
148083 3611 -25.01 383
148540 3615 -17.94 387
148984 3617 -9.19 385
149446 3623 -4.00 391
149890 3629 0.75 385
15 0 0.39 537
460 39 -26.99 498
913 64 -40.16 473
1365 95 -59.36 442
1809 104 -56.77 433
2255 111 -52.13 426
2698 120 -49.56 417
3160 122 -39.50 419
3605 143 -48.88 398
4051 145 -39.24 400
4514 145 -27.15 400
4961 152 -22.48 393
5404 154 -12.91 391
5857 164 -11.09 401
6304 166 -1.42 399
6765 175 1.62 390
7211 187 1.26 402
7666 195 5.14 394
8121 206 6.02 405
8589 224 0.24 387
9031 226 9.78 389
9471 229 18.27 386
9916 269 -10.11 346
10360 279 -8.52 356
10822 300 -17.46 377
11271 303 -8.74 374
11725 305 1.12 376
12176 316 1.89 387
12634 317 12.85 388
13085 324 17.62 395
13534 336 17.35 383
13987 339 26.17 380
14448 343 34.21 384
14898 351 37.96 392
15357 365 35.94 378
15803 380 32.58 393
16249 390 34.23 383
16707 390 46.19 383
17159 392 55.99 381
17620 396 64.02 385
18075 402 69.90 379
18534 417 66.89 394
18986 420 75.69 391
19436 421 86.43 392
19892 424 95.34 389
20355 426 105.43 391
20810 438 105.31 379
21270 440 115.32 381
21723 440 127.14 381
22166 450 128.71 391
22617 454 136.48 395
23061 454 148.08 395
23510 463 150.80 386
23963 466 159.63 389
24407 471 166.22 384
24870 475 174.31 380
25310 478 182.79 377
25764 482 190.65 381
26221 492 192.58 391
26678 500 196.51 383
27128 508 200.26 391
27578 515 205.01 398
28028 517 214.75 400
28485 518 225.69 399
28928 531 224.25 386
29376 540 226.95 395
29828 543 235.75 398
30286 545 245.71 400
30727 552 250.22 393
31172 555 258.84 396
31628 562 263.74 389
32075 575 262.41 376
32536 587 262.45 388
32981 591 270.07 384
33442 597 276.10 390
33890 604 280.80 397
34348 611 285.76 404
34809 615 293.79 408
35253 630 290.38 393
35705 638 294.19 401
36166 641 303.22 404
36606 646 309.71 409
37060 655 312.56 400
37511 658 321.34 403
37973 670 321.40 391
38423 685 318.15 376
38877 690 325.00 381
39327 693 333.75 378
39790 700 338.84 385
40242 701 349.64 384
40696 704 358.49 387
41159 706 368.58 389
41616 708 378.51 391
42073 709 389.44 392
42521 713 397.14 396
42976 725 397.02 408
43424 727 406.71 406
43883 737 408.70 416
44336 747 410.52 406
44792 753 416.43 400
45243 755 426.20 398
45691 766 426.90 387
46146 775 429.78 378
46596 785 431.53 388
47048 787 441.33 390
47504 797 443.23 400
47959 806 446.11 391
48413 809 454.97 388
48860 817 458.64 380
49313 830 457.46 393
49762 839 460.19 384
50221 843 468.17 388
50679 871 452.13 416
51137 906 429.08 381
51599 906 441.15 381
52046 932 426.82 407
52504 961 409.77 378
52957 962 420.60 377
53413 985 409.51 400
53876 1010 396.59 375
54323 1015 403.26 370
54766 1042 387.83 343
55219 1043 398.66 342
55674 1058 395.54 357
56136 1089 376.60 388
56590 1158 319.45 319
57035 1170 319.07 331
57483 1201 299.77 362
57939 1224 288.67 339
58397 1235 289.63 350
58845 1271 265.32 386
59296 1333 215.10 324
59759 1347 213.19 338
60205 1396 175.83 387
60653 1407 176.53 376
61116 1414 181.62 369
61581 1447 160.76 402
62028 1462 157.43 387
62487 1480 151.41 369
62944 1494 149.34 383
63402 1506 149.30 371
63849 1506 160.97 371
64297 1533 145.67 398
64745 1543 147.36 388
65192 1545 157.03 386
65640 1572 141.73 413
66100 1590 135.74 395
66547 1608 129.41 377
67008 1638 111.44 407
67453 1660 101.06 385
67908 1666 106.94 379
68361 1687 97.77 400
68805 1699 97.36 388
69255 1714 94.11 373
69713 1741 79.07 400
70158 1746 85.68 395
70610 1766 77.48 375
71053 1787 68.05 396
71500 1795 71.72 404
71950 1819 59.47 380
72400 1858 32.22 419
72844 1860 41.81 417
73306 1893 20.87 384
73761 1917 8.75 408
74212 1920 17.53 411
74659 1960 -10.80 371
75104 1981 -20.19 392
75561 1993 -20.25 404
76012 2019 -34.48 378
76473 2051 -54.44 410
76920 2060 -51.77 401
77361 2093 -73.26 368
77809 2116 -84.56 391
78272 2118 -74.48 389
78717 2139 -83.86 368
79163 2161 -94.21 390
79614 2183 -104.44 412
80066 2212 -121.64 383
80513 2223 -120.97 394
80969 2241 -127.06 412
81422 2272 -146.24 381
81871 2295 -157.51 404
82329 2307 -157.56 416
82781 2331 -169.75 392
83222 2357 -184.24 418
83680 2361 -176.28 422
84121 2400 -203.77 383
84577 2410 -201.86 393
85038 2414 -193.83 397
85489 2439 -207.05 372
85947 2472 -228.10 339
86405 2494 -238.14 361
86851 2504 -236.50 351
87308 2522 -242.56 369
87758 2546 -254.82 393
88217 2571 -267.83 368
88664 2589 -274.16 386
89117 2618 -291.33 357
89572 2636 -297.46 339
90016 2650 -299.86 353
90479 2671 -308.78 374
90933 2677 -302.92 368
91379 2686 -300.28 377
91840 2697 -299.24 388
92281 2716 -306.73 369
92730 2725 -304.01 378
93186 2750 -317.10 403
93647 2782 -337.07 371
94101 2801 -344.21 390
94567 2808 -339.05 397
95019 2833 -352.25 372
95477 2852 -359.29 391
95936 2854 -349.30 393
96386 2875 -358.56 372
96847 2888 -359.52 385
97307 2904 -363.51 401
97762 2925 -372.63 380
98206 2944 -380.04 399
98649 2948 -372.47 403
99097 2980 -392.78 371
99561 2993 -393.66 384
100024 2994 -382.57 385
100484 3010 -386.57 369
100942 3019 -383.61 360
101398 3027 -379.70 368
101846 3027 -368.01 368
102301 3040 -369.13 381
102745 3051 -368.54 370
103195 3071 -376.79 390
103642 3091 -385.12 370
104100 3107 -389.16 386
104558 3111 -381.20 390
105011 3112 -370.37 391
105463 3119 -365.57 398
105926 3119 -353.49 398
106374 3126 -348.79 391
106829 3142 -352.91 407
107275 3159 -358.27 390
107716 3167 -354.75 382
108172 3174 -349.85 389
108628 3180 -343.94 395
109084 3184 -336.04 391
109528 3185 -325.44 390
109977 3188 -316.72 393
110440 3191 -307.63 396
110888 3197 -301.94 390
111329 3241 -334.42 346
111774 3255 -336.81 360
112224 3264 -334.06 369
112665 3264 -322.54 369
113113 3281 -327.85 386
113560 3287 -322.18 380
114000 3291 -314.69 376
114455 3294 -305.81 379
114914 3301 -300.83 386
115364 3310 -298.08 395
115820 3310 -286.17 395
116267 3320 -284.50 385
116710 3323 -275.94 388
117160 3329 -270.19 394
117615 3329 -258.31 394
118063 3338 -255.61 403
118521 3347 -252.66 394
118983 3352 -245.59 389
119426 3358 -240.03 383
119881 3363 -233.15 388
120322 3370 -228.63 381
120762 3379 -226.15 372
121219 3381 -216.22 374
121673 3392 -215.36 385
122120 3397 -208.69 390
122577 3405 -204.76 398
123035 3410 -197.80 393
123479 3412 -188.21 391
123923 3419 -183.62 384
124377 3428 -180.77 393
124832 3436 -176.89 385
125275 3445 -174.32 394
125736 3448 -165.29 397
126177 3457 -162.77 388
126624 3467 -161.10 398
127081 3479 -161.17 410
127525 3480 -150.58 411
127987 3495 -153.52 396
128435 3495 -141.82 396
128893 3498 -132.86 399
129344 3502 -125.09 395
129794 3505 -116.34 398
130240 3519 -118.70 384
130684 3557 -145.10 346
131131 3573 -149.43 362
131576 3583 -147.82 372
132020 3586 -139.22 369
132466 3590 -131.58 373
132915 3597 -126.86 366
133363 3615 -133.16 384
133826 3617 -123.07 386
134271 3622 -116.45 381
134719 3627 -109.76 376
135167 3642 -113.06 391
135618 3643 -102.29 392
136070 3646 -93.49 389
136535 3647 -82.35 390
136993 3660 -83.39 403
137444 3679 -90.61 384
137896 3689 -88.81 394
138354 3690 -77.86 395
138811 3692 -67.92 397
139272 3698 -61.89 391
139735 3707 -58.80 382
140180 3718 -58.18 393
140636 3730 -58.28 381
141086 3736 -52.53 375
141548 3742 -46.47 381
141992 3748 -40.88 387
142454 3753 -33.81 382
142905 3774 -43.04 403
143353 3782 -39.34 395
143809 3782 -27.44 395
144266 3791 -24.51 386
144720 3791 -12.65 386
145166 3830 -40.01 347
145624 3841 -39.05 358
146086 3848 -33.99 365
146543 3851 -25.06 368
146986 3868 -30.49 385
147435 3871 -21.77 382
147881 3881 -20.12 392
148328 3886 -13.45 397
148786 3891 -6.50 392
149240 3895 1.36 388
149701 3908 0.39 401
21 0 0.81 298
475 42 -23.66 340
915 58 -22.68 356
1372 71 -18.04 369
1818 82 -11.82 380
2269 84 3.59 378
2715 88 16.80 374
3167 97 25.25 365
3611 107 32.39 375
4056 110 46.57 372
4497 115 58.59 377
4952 118 73.16 374
5409 161 47.80 331
5870 176 50.59 346
6320 181 62.96 351
6770 200 61.33 370
7219 208 70.67 378
7667 225 70.96 395
8114 233 80.22 387
8577 235 96.09 385
9027 239 109.46 381
9483 243 123.06 377
9929 246 137.28 380
10388 250 151.00 384
10841 259 159.48 393
11289 264 171.78 388
11733 278 174.92 402
12189 294 176.52 386
12641 298 189.97 390
13096 303 202.53 395
13541 309 213.71 389
13984 313 226.81 385
14439 319 238.37 379
14882 324 250.47 384
15328 327 264.69 387
15792 328 281.60 388
16239 334 292.85 394
16692 341 303.34 401
17152 345 317.10 397
17604 350 329.55 392
18065 353 344.34 395
18524 356 359.06 392
18974 359 373.43 389
19421 363 386.69 385
19867 369 397.90 391
20312 376 408.08 384
20766 390 411.61 398
21224 396 423.28 404
21683 413 424.00 387
22139 414 440.61 388
22580 458 413.63 344
23028 479 409.92 365
23474 485 421.14 359
23924 493 430.51 367
24383 493 448.23 367
24826 498 460.33 372
25284 510 466.01 384
25739 518 475.57 376
26194 532 479.14 390
26655 537 491.93 395
27100 541 505.11 391
27549 544 519.44 388
28010 557 524.24 401
28471 561 538.03 397
28912 564 552.06 394
29373 567 566.85 397
29834 570 581.65 394
30284 571 598.02 393
30730 574 612.23 396
31186 586 617.84 384
31639 596 625.32 394
32089 602 636.69 388
32543 609 647.22 395
32995 615 658.67 389
33439 620 670.81 394
33902 624 684.68 398
34349 626 699.93 400
34807 628 715.61 402
35268 630 731.41 404
35713 635 743.59 399
36153 635 760.57 399
36600 649 763.83 385
37060 653 777.58 389
37508 655 792.88 391
37964 656 809.48 390
38412 658 824.77 392
38874 664 836.61 386
39328 675 843.13 375
39782 677 858.66 377
40234 682 871.11 372
40683 685 885.44 375
41136 686 901.92 376
41594 701 904.60 391
42050 702 921.21 392
42501 709 931.62 399
42962 716 942.41 392
43412 717 958.78 391
43873 720 973.58 394
44330 729 982.22 403
44778 740 988.51 392
45229 741 1004.92 391
45690 741 1022.72 391
46142 748 1033.16 398
46601 755 1043.88 405
47044 757 1058.98 403
47488 774 1059.12 386
47942 774 1076.65 386
48393 780 1088.06 392
48851 782 1103.74 394
49314 792 1111.61 384
49768 799 1122.13 377
50239 813 1126.32 363
50697 821 1136.00 355
51148 864 1110.41 398
51611 875 1117.28 387
52057 877 1132.49 389
52515 915 1112.17 427
52967 962 1082.62 380
53415 962 1099.92 380
53865 981 1098.29 399
54312 1014 1082.54 366
54769 1017 1097.18 369
55218 1053 1078.51 405
55670 1091 1057.96 367
56116 1100 1066.18 376
56561 1127 1056.36 403
57005 1152 1048.50 378
57452 1193 1024.75 337
57900 1234 1001.04 378
58357 1260 992.69 352
58816 1262 1008.40 350
59259 1307 980.50 395
59711 1332 972.95 370
60173 1335 987.79 367
60629 1369 971.39 401
61084 1390 967.95 380
61540 1398 977.56 372
61991 1446 946.96 420
62443 1473 937.41 393
62888 1493 934.59 373
63350 1529 916.42 409
63801 1551 911.83 387
64262 1568 912.63 370
64715 1619 879.12 421
65158 1654 861.22 386
65602 1671 861.36 369
66047 1699 850.53 397
66499 1716 850.98 380
66942 1725 859.08 371
67389 1757 844.34 403
67850 1779 840.13 381
68305 1798 838.70 362
68760 1846 808.26 410
69214 1858 813.79 398
69666 1871 818.23 385
70111 1909 797.41 423
70561 1920 803.78 412
71006 1949 791.96 383
71458 1981 777.41 415
71901 1988 787.51 408
72360 2021 772.23 375
72812 2062 748.68 416
73261 2069 759.01 409
73713 2104 741.46 374
74172 2138 725.17 408
74618 2146 734.39 416
75075 2196 702.03 366
75518 2219 696.13 389
75958 2223 709.12 385
76405 2260 689.37 348
76857 2298 668.82 386
77315 2318 666.50 406
77773 2348 654.18 376
78219 2378 641.40 406
78674 2384 652.96 412
79134 2410 644.72 386
79583 2437 635.05 413
80026 2440 649.15 416
80485 2483 623.87 373
80939 2510 614.39 400
81379 2510 631.38 400
81842 2528 631.25 382
82298 2546 630.85 364
82744 2553 641.07 371
83197 2589 622.55 335
83654 2634 595.20 380
84099 2643 603.37 389
84547 2677 586.67 355
85006 2704 577.39 382
85465 2721 578.10 399
85908 2767 549.20 353
86357 2800 533.54 386
86805 2813 537.83 399
87253 2864 504.12 348
87702 2902 483.46 386
88153 2920 482.87 368
88614 2947 473.66 341
89060 2976 461.88 370
89514 2997 458.40 391
89972 3044 429.08 344
90427 3089 401.65 389
90888 3091 417.44 391
91347 3118 408.16 364
91805 3169 374.84 415
92268 3172 389.71 418
92724 3207 372.31 383
93172 3226 370.61 402
93628 3231 383.21 407
94087 3271 360.93 367
94544 3305 344.57 401
94987 3307 359.67 399
95440 3315 369.16 391
95899 3323 378.87 383
96345 3340 379.09 400
96790 3369 367.27 371
97249 3386 367.99 388
97703 3400 371.51 402
98162 3430 359.23 372
98610 3461 345.52 403
99064 3478 346.05 386
99504 3501 340.03 363
99961 3525 333.68 387
100424 3528 348.55 390
100864 3549 344.53 369
101305 3564 346.56 354
101767 3574 354.39 344
102226 3601 345.11 371
102689 3612 351.98 360
103135 3613 368.20 359
103589 3640 358.72 386
104032 3657 358.82 369
104479 3659 374.08 367
104929 3680 370.45 388
105373 3688 379.59 380
105832 3695 390.31 387
106286 3695 407.83 387
106751 3712 408.78 370
107194 3730 407.88 388
107642 3731 424.18 389
108098 3735 437.78 385
108560 3743 447.61 377
109006 3764 443.83 356
109465 3787 438.55 379
109924 3795 448.27 387
110372 3802 458.56 394
110834 3803 475.39 395
111287 3808 487.88 400
111742 3813 500.44 395
112189 3820 510.70 402
112652 3835 513.57 417
113110 3843 523.25 425
113571 3855 529.05 413
114012 3879 522.07 389
114473 3891 527.87 377
114931 3892 544.54 376
115379 3923 530.84 407
115826 3926 545.09 410
116271 3927 561.27 409
116719 3969 536.56 367
117162 3972 550.67 370
117613 3974 566.07 368
118071 3998 559.75 344
118523 4020 555.20 366
118970 4025 567.46 361
119426 4030 580.06 356
119879 4049 578.55 375
120342 4069 576.42 355
120789 4081 581.67 367
121246 4107 573.32 393
121697 4112 585.72 398
122155 4165 550.40 345
122596 4171 561.43 351
123046 4185 564.80 365
123490 4194 572.94 356
123946 4201 583.54 363
124390 4211 590.68 373
124842 4216 603.13 378
125301 4219 617.85 375
125763 4221 633.68 377
126217 4224 648.20 380
126662 4238 651.38 394
127118 4238 668.98 394
127579 4245 679.78 387
128026 4255 687.04 377
128489 4262 697.91 384
128935 4298 679.12 420
129384 4307 687.46 411
129828 4318 693.60 400
130283 4320 709.16 398
130730 4334 712.41 384
131176 4350 713.63 400
131625 4366 714.96 384
132068 4368 730.06 382
132512 4389 726.20 403
132962 4404 728.57 388
133412 4404 745.94 388
133873 4416 751.74 400
134324 4416 769.15 400
134772 4424 778.44 392
135231 4451 769.16 419
135682 4460 777.57 410
136138 4461 794.17 411
136593 4487 785.74 385
137038 4492 797.92 380
137499 4494 813.71 378
137956 4529 796.35 413
138413 4536 806.99 406
138857 4639 721.13 303
139305 4689 688.43 353
139756 4705 689.83 337
140206 4723 689.21 319
140652 4742 687.42 338
141114 4895 552.26 491
141564 5066 398.63 320
142027 5215 267.50 469
142471 5219 280.64 465
142915 5388 128.78 296
143372 5404 130.42 280
143824 5456 95.87 332
144279 5501 68.43 377
144729 5539 47.80 415
145183 5540 64.33 416
145630 5556 65.58 400
146080 5604 34.95 352
146539 5617 39.67 365
146993 5631 43.20 379
147449 5668 23.80 416
147908 5712 -2.48 460
148362 5716 11.04 464
148821 5743 1.76 437
149266 5764 -2.06 416
149729 5779 0.81 401
34 0 0.97 322
487 24 -10.12 346
937 37 -10.30 359
1392 45 -5.33 367
1835 62 -9.70 384
2296 68 -2.57 378
2754 71 7.49 381
3209 72 19.45 382
3655 76 28.16 386
4111 79 38.16 389
4559 80 49.93 388
5005 84 58.64 392
5460 88 67.61 396
5904 94 74.26 402
6369 95 86.51 403
6817 102 92.28 396
7262 107 99.96 401
7718 108 111.96 400
8167 120 112.75 388
8615 128 117.52 396
9063 130 128.29 394
9512 141 130.09 383
9971 142 142.17 384
10423 149 148.05 391
10870 150 159.79 392
11330 154 168.90 396
11781 160 175.75 402
12224 210 138.38 352
12680 216 145.37 358
13141 228 146.51 370
13591 231 156.33 373
14037 239 161.04 381
14493 239 174.04 381
14937 245 180.69 375
15394 246 192.72 374
15845 247 204.57 373
16293 255 209.34 381
16740 259 218.08 377
17196 261 229.07 375
17649 261 241.98 375
18101 263 252.87 377
18559 272 256.92 386
19007 275 266.69 389
19461 280 274.62 384
19910 290 277.42 394
20366 291 289.42 395
20809 295 298.04 391
21271 303 303.21 383
21729 306 313.26 380
22179 314 318.09 388
22629 319 325.91 393
23092 323 335.11 389
23555 330 341.30 396
24008 331 353.21 395
24451 338 358.84 388
24913 341 369.00 391
25360 342 380.74 392
25801 346 389.31 388
26259 351 397.36 393
26718 352 409.44 394
27174 358 416.44 388
27631 363 424.46 383
28075 368 432.12 388
28538 371 442.31 391
29001 374 452.51 388
29447 377 462.22 391
29893 380 471.93 388
30343 381 483.75 389
30801 384 493.81 392
31260 389 501.89 387
31712 392 511.77 390
32167 396 520.74 394
32622 405 524.70 385
33080 409 533.76 389
33543 413 542.95 385
33990 418 550.69 380
34434 424 557.34 386
34881 428 566.08 382
35334 434 572.99 388
35782 444 575.76 398
36237 494 538.73 348
36694 497 548.75 351
37154 507 551.86 361
37607 508 563.77 362
38065 518 566.83 372
38509 525 572.48 379
38971 529 581.65 383
39423 531 592.53 385
39868 539 597.21 393
40315 549 599.95 383
40769 555 606.89 389
41215 561 613.60 383
41664 562 625.39 384
42108 570 630.05 376
42559 578 634.90 384
43013 584 641.84 390
43467 592 646.78 398
43912 593 658.46 397
44377 593 671.71 397
44823 600 677.42 390
45278 604 686.39 394
45728 612 691.22 386
46185 613 703.24 387
46637 615 714.12 385
47090 616 726.03 384
47549 620 735.11 380
47990 662 705.68 338
48431 678 702.25 354
48894 694 699.44 370
49360 695 711.73 369
49811 700 719.58 374
50268 736 696.60 410
50722 742 703.54 404
51185 771 687.74 375
51636 800 671.59 404
52087 806 678.44 410
52527 840 656.98 376
52973 875 634.69 411
53430 884 638.72 402
53881 916 619.57 370
54322 953 595.14 407
54776 954 607.08 408
55239 997 577.27 365
55702 1031 556.47 399
56150 1034 566.24 402
56611 1065 548.37 371
57069 1098 528.43 404
57514 1103 536.11 409
57963 1149 502.90 363
58419 1186 478.90 400
58872 1187 490.81 399
59326 1223 467.75 363
59773 1257 446.49 397
60229 1259 457.48 399
60680 1293 436.34 365
61125 1328 414.02 400
61565 1332 422.56 404
62026 1375 392.70 361
62481 1409 371.66 395
62927 1422 371.38 408
63386 1449 357.46 381
63842 1473 346.45 405
64300 1474 358.50 406
64759 1507 338.59 373
65200 1530 328.15 396
65650 1536 334.98 402
66109 1566 318.06 372
66567 1602 295.11 408
67023 1610 300.11 416
67472 1646 276.90 380
67921 1671 264.70 405
68375 1683 265.64 417
68832 1726 235.66 374
69282 1749 225.49 397
69729 1753 234.23 401
70180 1787 213.08 367
70632 1824 188.96 404
71083 1842 183.82 422
71532 1890 148.61 374
71976 1919 132.27 403
72423 1924 140.00 408
72879 1962 115.00 370
73335 1989 101.00 343
73779 2011 91.65 365
74229 2029 86.47 347
74669 2043 85.01 361
75128 2079 62.10 397
75576 2121 32.86 355
76016 2132 34.40 366
76461 2171 8.08 405
76907 2213 -21.20 363
77360 2221 -16.29 355
77809 2267 -49.50 401
78267 2299 -68.45 369
78726 2301 -57.36 367
79174 2339 -82.60 405
79633 2376 -106.52 368
80089 2379 -96.52 371
80550 2416 -120.38 408
81007 2455 -146.36 369
81453 2458 -136.65 366
81901 2501 -166.88 409
82360 2536 -188.80 374
82811 2541 -180.94 379
83263 2581 -208.06 419
83710 2626 -240.32 374
84157 2633 -234.58 381
84613 2661 -249.59 409
85053 2693 -269.05 377
85508 2699 -262.08 371
85956 2733 -283.31 405
86415 2765 -302.23 373
86871 2766 -290.24 372
87322 2804 -315.38 410
87776 2833 -331.45 381
88234 2836 -321.39 378
88677 2864 -336.77 406
89128 2898 -357.91 372
89578 2906 -353.09 364
90025 2947 -381.35 405
90471 2975 -396.64 377
90932 2976 -384.50 378
91378 3005 -400.79 407
91834 3038 -420.80 374
92287 3042 -411.89 370
92743 3077 -433.89 405
93187 3101 -445.24 381
93643 3104 -435.24 378
94098 3148 -466.27 422
94553 3184 -489.31 386
95014 3187 -479.17 383
95468 3217 -496.23 413
95912 3258 -524.58 372
96361 3268 -521.78 362
96808 3303 -544.04 397
97255 3320 -548.30 380
97710 3329 -544.33 371
98155 3363 -565.65 405
98610 3387 -576.68 381
99067 3399 -575.66 369
99513 3435 -598.95 405
99967 3460 -611.01 380
100424 3473 -610.99 367
100874 3478 -603.16 372
101324 3479 -591.34 373
101772 3488 -587.57 382
102230 3497 -583.52 391
102679 3498 -571.72 390
103131 3504 -564.84 384
103586 3505 -552.87 385
104037 3514 -549.02 376
104491 3521 -543.08 383
104950 3521 -530.00 383
105391 3526 -522.43 388
105848 3532 -515.41 394
106298 3537 -507.58 399
106763 3542 -499.33 394
107207 3544 -488.68 392
107662 3546 -477.71 390
108114 3547 -465.83 389
108563 3549 -455.03 387
109017 3552 -445.09 390
109474 3560 -440.07 398
109915 3564 -431.50 402
110358 3570 -424.87 408
110805 3586 -428.14 392
111248 3588 -417.51 394
111694 3589 -405.80 393
112158 3594 -397.58 388
112619 3599 -389.44 383
113075 3603 -380.44 387
113534 3607 -371.36 383
113994 3607 -358.25 383
114443 3613 -351.46 377
114886 3616 -341.83 374
115344 3620 -332.78 370
115794 3630 -329.95 380
116244 3639 -326.13 389
116689 3642 -316.45 386
117139 3652 -313.62 396
117594 3657 -305.65 401
118035 3663 -299.09 395
118496 3667 -289.95 391
118941 3668 -278.27 392
119397 3668 -265.27 392
119845 3671 -255.50 395
120299 3672 -243.56 394
120760 3680 -238.43 402
121208 3732 -277.66 350
121661 3746 -278.75 364
122113 3746 -265.87 364
122574 3787 -293.73 323
123036 3805 -298.56 341
123486 3817 -297.74 353
123929 3826 -294.11 362
124392 3841 -295.92 377
124849 3842 -283.89 376
125298 3842 -271.10 376
125747 3850 -266.30 384
126195 3855 -258.53 389
126654 3855 -245.45 389
127102 3857 -234.68 391
127543 3860 -225.11 388
127993 3902 -254.29 346
128450 3920 -259.27 364
128911 3930 -256.13 374
129372 3936 -248.99 380
129817 3941 -241.31 375
130280 3949 -236.11 383
130739 3953 -227.03 379
131187 3957 -218.26 383
131630 3960 -208.64 380
132079 3968 -203.84 388
132525 3977 -200.13 397
132973 3979 -189.36 399
133434 3983 -180.22 395
133890 3990 -174.23 388
134339 3991 -162.43 387
134779 3994 -152.89 384
135229 4001 -147.07 391
135691 4006 -138.90 386
136153 4012 -131.74 392
136602 4014 -120.94 394
137057 4064 -157.97 344
137513 4073 -153.98 353
137960 4081 -149.24 361
138411 4085 -140.38 365
138854 4089 -131.76 369
139302 4094 -123.99 374
139756 4104 -121.05 384
140203 4111 -115.31 391
140666 4115 -106.12 387
141121 4116 -94.15 386
141573 4164 -129.27 338
142029 4186 -138.27 360
142486 4189 -128.25 363
142944 4197 -123.20 371
143400 4200 -113.20 374
143854 4211 -111.26 385
144320 4212 -98.98 384
144763 4221 -95.36 393
145226 4229 -90.16 385
145673 4234 -82.42 380
146127 4243 -78.48 389
146579 4245 -67.60 391
147024 4248 -57.92 388
147487 4255 -51.72 381
147948 4257 -40.59 383
148406 4259 -29.53 385
148850 4259 -16.88 385
149294 4265 -10.23 379
149757 4267 0.97 381
36 0 1.07 327
482 21 -6.64 348
943 39 -10.90 366
1388 44 -2.64 371
1837 52 2.74 363
2295 87 -18.61 398
2753 100 -17.96 385
3212 101 -5.29 386
3669 112 -2.67 397
4128 124 -0.99 385
4587 127 9.69 388
5039 133 17.15 394
5485 134 29.44 395
5941 143 34.03 386
6388 150 40.35 379
6839 185 18.79 414
7300 193 24.53 406
7748 196 34.88 409
8210 208 36.65 397
8669 213 45.32 392
9121 215 56.79 394
9576 219 66.35 390
10024 268 30.70 341
10483 274 38.38 347
10931 276 49.73 349
11375 298 40.96 371
11819 300 52.19 373
12275 308 57.78 381
12727 317 62.25 390
13189 321 72.01 394
13634 322 84.27 393
14080 323 96.56 394
14539 335 98.24 382
15002 353 94.04 364
15448 358 102.33 369
15904 374 99.92 385
16355 390 97.35 369
16796 404 96.50 383
17259 412 102.29 391
17718 413 114.97 390
18182 421 120.80 398
18627 424 131.06 401
19071 439 129.29 386
19527 460 121.88 365
19976 496 99.25 401
20429 506 102.75 391
20886 518 104.37 379
21338 530 105.84 391
21799 535 114.58 386
22262 545 118.37 396
22723 546 131.11 397
23176 546 144.61 397
23620 562 141.84 381
24071 571 146.28 372
24524 614 116.78 415
24970 635 109.07 394
25431 635 122.81 394
25889 639 132.45 398
26342 653 131.95 384
26805 660 138.75 391
27257 662 150.22 393
27704 663 162.54 394
28165 673 166.27 384
28626 678 175.01 379
29073 696 170.33 397
29521 703 176.68 390
29965 713 179.91 400
30426 713 193.65 400
30873 717 202.97 404
31336 719 214.77 406
31784 725 222.12 412
32244 728 232.82 409
32699 745 229.38 392
33151 754 233.85 383
33605 763 238.38 392
34065 765 250.09 390
34518 765 263.58 390
34968 765 276.99 390
35413 814 241.25 341
35861 827 241.60 354
36314 847 235.10 374
36763 852 243.48 379
37216 855 253.98 376
37657 866 256.12 365
38120 885 250.92 384
38577 895 254.54 374
39038 934 229.27 335
39490 960 216.74 361
39948 962 228.39 363
40392 964 239.62 365
40846 975 242.15 376
41303 982 248.77 369
41755 992 252.24 359
42212 993 264.85 360
42667 1010 261.41 377
43113 1023 261.70 364
43561 1042 256.05 383
44015 1047 264.58 388
44465 1051 273.99 384
44924 1098 240.67 337
45379 1118 234.23 357
45827 1125 240.58 364
46278 1125 254.01 364
46741 1131 261.81 370
47189 1153 253.16 392
47630 1174 245.30 371
48088 1186 246.95 383
48542 1194 252.48 391
49002 1199 261.19 386
49463 1205 268.92 380
49917 1210 277.45 385
50368 1226 274.89 401
50820 1238 276.36 389
51281 1261 267.10 366
51740 1298 243.77 403
52184 1301 254.00 400
52639 1323 245.56 378
53091 1350 232.03 405
53539 1354 241.38 409
53996 1386 223.00 377
54452 1404 218.59 395
54915 1409 227.38 400
55366 1454 195.82 355
55828 1509 154.59 410
56288 1515 162.30 416
56747 1566 124.98 365
57198 1587 117.41 386
57660 1605 113.18 404
58105 1635 96.44 374
58559 1650 94.97 389
59016 1666 92.59 405
59472 1706 66.18 365
59919 1710 75.50 369
60381 1739 60.26 398
60838 1767 45.88 370
61282 1794 32.11 397
61738 1808 31.70 411
62181 1843 9.90 376
62628 1852 14.22 385
63087 1869 10.90 402
63542 1907 -13.54 364
64004 1923 -15.78 380
64459 1970 -49.22 333
64909 1976 -41.81 339
65366 1998 -50.19 361
65824 2019 -57.54 382
66265 2034 -59.40 367
66723 2051 -62.75 384
67168 2057 -55.49 390
67625 2081 -65.88 366
68077 2103 -74.41 388
68523 2115 -73.12 400
68969 2135 -79.83 380
69419 2149 -80.42 394
69863 2171 -89.19 372
70309 2189 -93.90 354
70768 2206 -97.22 371
71220 2243 -120.75 408
71673 2277 -141.25 374
72133 2285 -135.54 382
72591 2306 -142.90 403
73052 2354 -177.16 355
73500 2376 -185.81 377
73953 2411 -207.31 412
74413 2457 -239.60 366
74870 2461 -229.99 370
75320 2506 -261.58 415
75777 2539 -280.96 382
76236 2545 -273.28 388
76683 2578 -292.96 421
77145 2626 -327.19 373
77596 2636 -323.76 363
78052 2685 -359.17 412
78493 2724 -385.03 373
78954 2729 -376.29 378
79412 2766 -399.64 415
79870 2800 -419.99 381
80315 2801 -407.73 382
80778 2818 -410.94 365
81239 2844 -423.20 339
81697 2846 -411.55 341
82161 2895 -446.73 390
82622 2917 -454.99 368
83065 2917 -441.79 368
83513 2951 -462.44 402
83969 2979 -476.85 374
84430 2986 -470.11 381
84874 3018 -488.88 413
85319 3059 -516.62 372
85760 3062 -506.48 375
86214 3083 -513.95 396
86665 3101 -518.51 378
87129 3101 -504.69 378
87591 3123 -512.92 400
88052 3150 -526.18 373
88511 3152 -514.51 371
88957 3187 -536.21 406
89405 3215 -550.87 378
89858 3217 -539.37 380
90301 3249 -558.17 412
90751 3282 -577.76 379
91214 3287 -568.96 384
91660 3321 -589.67 418
92107 3356 -611.35 383
92565 3358 -599.70 385
93009 3385 -613.47 412
93459 3411 -626.06 386
93913 3424 -625.53 373
94369 3457 -644.95 406
94825 3487 -661.36 376
95280 3491 -651.80 380
95728 3525 -672.45 414
96176 3560 -694.10 379
96634 3563 -683.45 376
97079 3603 -710.19 416
97530 3625 -718.75 394
97989 3626 -706.07 393
98448 3657 -723.40 424
98896 3687 -740.05 394
99337 3707 -746.91 374
99783 3747 -773.62 414
100241 3773 -785.97 388
100700 3774 -773.29 387
101162 3777 -762.52 384
101603 3779 -751.38 386
102061 3787 -745.74 394
102520 3796 -741.06 385
102983 3797 -728.26 386
103446 3846 -763.46 337
103901 3854 -757.91 345
104358 3864 -754.29 355
104808 3877 -753.88 368
105249 3888 -751.74 379
105701 3888 -738.27 379
106162 3891 -727.53 382
106614 3896 -719.06 377
107069 3897 -706.50 378
107510 3903 -699.36 384
107956 3911 -694.07 376
108405 3918 -687.69 383
108854 3918 -674.31 383
109303 3926 -668.93 391
109753 3926 -655.53 391
110205 3926 -642.06 391
110650 3926 -628.80 391
111091 3932 -621.66 385
111535 3936 -612.42 381
111983 3940 -603.07 385
112446 3948 -597.28 377
112894 3951 -586.93 374
113346 3957 -579.46 380
113789 3964 -573.26 387
114238 3971 -566.88 394
114690 3978 -560.41 401
115153 3979 -547.61 400
115606 3979 -534.11 400
116058 3982 -523.65 403
116507 3990 -518.27 395
116969 3995 -509.50 390
117432 4001 -501.70 384
117886 4003 -490.17 386
118338 4014 -487.71 397
118789 4017 -477.27 400
119234 4019 -466.01 398
119684 4025 -458.60 404
120130 4028 -448.31 407
120593 4032 -438.51 403
121049 4033 -425.92 402
121499 4041 -420.51 394
121962 4043 -408.72 396
122405 4047 -399.51 400
122866 4050 -388.78 403
123329 4054 -378.98 399
123773 4060 -371.75 393
124221 4064 -362.40 389
124682 4068 -352.66 385
125135 4070 -341.17 383
125583 4071 -328.82 382
126037 4074 -318.29 385
126496 4075 -305.61 386
126946 4082 -299.20 393
127405 4089 -292.52 386
127859 4095 -284.99 380
128306 4108 -284.67 393
128753 4112 -275.35 389
129213 4113 -262.65 390
129667 4123 -259.12 380
130123 4131 -253.53 372
130570 4140 -249.21 381
131021 4148 -243.77 389
131471 4148 -230.36 389
131928 4150 -218.74 387
132384 4151 -206.16 386
132829 4155 -196.90 390
133289 4161 -189.19 396
133738 4167 -181.81 390
134187 4177 -178.43 380
134630 4183 -171.23 386
135088 4188 -162.58 391
135551 4191 -151.78 394
136005 4193 -140.26 392
136463 4198 -131.61 397
136920 4199 -118.99 398
137372 4204 -110.52 393
137827 4208 -100.96 389
138273 4217 -96.67 380
138728 4225 -91.11 372
139184 4237 -89.53 384
139638 4244 -83.00 391
140105 4245 -70.08 390
140553 4292 -103.73 343
141009 4304 -102.14 355
141466 4310 -94.53 361
141911 4316 -87.27 367
142361 4319 -76.86 370
142810 4327 -71.48 378
143258 4332 -63.13 373
143713 4336 -53.57 377
144159 4338 -42.28 375
144602 4345 -36.08 382
145059 4353 -30.46 390
145506 4359 -23.14 396
145953 4367 -17.82 388
146396 4372 -9.62 383
146842 4381 -5.33 374
147290 4383 6.02 376
147751 4391 11.76 384
148192 4402 13.90 395
148642 4406 23.31 391
149098 4407 35.90 390
149551 4454 2.40 343
150010 4469 1.07 358
23 0 0.51 333
477 11 -0.48 344
920 25 -4.71 358
1367 34 -3.86 367
1823 35 5.20 368
2286 44 6.41 377
2731 48 12.22 381
3193 50 20.41 383
3640 58 22.26 391
4086 64 26.10 385
4540 65 35.11 386
4999 71 39.23 380
5448 78 42.13 387
5906 86 44.23 395
6352 93 47.06 388
6799 102 47.92 397
7249 107 52.84 392
7706 113 56.92 398
8159 123 56.90 388
8620 129 61.07 394
9077 138 62.15 385
9526 140 70.05 387
9966 141 78.75 386
10415 144 85.65 389
10865 149 90.57 384
11328 153 96.78 388
11788 159 100.92 394
12249 163 107.09 398
12704 163 117.12 398
13150 173 116.96 388
13613 176 124.16 385
14060 180 130.02 381
14503 187 132.79 388
14958 191 138.82 384
15408 198 141.74 391
15859 200 149.69 389
16311 200 159.66 389
16754 207 162.42 382
17200 216 163.26 391
17659 219 170.38 388
18107 227 172.26 396
18555 231 178.13 392
19001 236 182.97 397
19446 241 187.78 392
19899 246 192.77 397
20348 250 198.67 393
20808 258 200.81 385
21257 260 208.71 387
21701 262 216.50 385
22164 265 223.71 388
22614 271 227.64 394
23063 274 234.54 391
23509 287 231.37 378
23949 298 230.07 389
24401 303 235.04 384
24855 312 236.05 393
25314 313 245.17 394
25777 322 246.38 385
26233 323 255.43 384
26687 332 256.44 393
27142 339 259.48 386
27596 339 269.49 386
28051 348 270.52 395
28498 350 278.38 393
28950 359 279.34 384
29402 367 281.31 392
29849 369 289.17 394
30301 376 292.13 401
30760 382 296.25 395
31208 384 304.13 393
31669 393 305.30 384
32113 398 310.09 379
32559 400 317.92 381
33009 406 321.84 387
33462 409 328.83 384
33925 420 328.04 395
34365 432 325.74 383
34809 436 331.53 387
35269 439 338.68 384
35724 445 342.71 378
36186 458 339.90 391
36644 465 342.99 384
37105 466 352.16 385
37558 471 357.15 390
38017 472 366.27 389
38463 476 372.10 385
38908 476 381.92 385
39355 482 385.77 391
39815 492 385.91 381
40266 495 392.86 378
40716 501 396.78 372
41170 504 403.79 369
41616 519 398.63 384
42066 522 405.55 387
42515 533 404.45 398
42977 534 413.64 397
43438 535 422.80 398
43889 536 431.75 397
44342 542 435.73 391
44795 544 443.72 389
45248 555 442.71 378
45705 567 440.79 390
46152 572 445.64 395
46600 578 449.52 401
47051 591 446.47 388
47492 594 453.19 385
47946 604 453.20 375
48403 611 456.28 382
48860 613 464.36 380
49319 624 463.48 391
49765 631 466.31 384
50234 648 459.65 401
50692 654 463.75 407
51138 685 442.59 376
51593 705 432.62 396
52047 721 426.63 412
52510 749 408.84 384
52958 775 392.72 410
53419 780 397.88 415
53873 808 379.89 387
54319 828 369.73 407
54780 832 375.89 403
55240 862 356.03 373
55701 882 346.20 393
56155 884 354.21 395
56613 908 340.31 371
57067 927 331.32 390
57526 944 324.44 407
57975 976 302.34 375
58431 1001 287.39 400
58885 1004 294.41 403
59326 1026 282.13 381
59773 1034 283.99 389
60217 1037 290.78 392
60663 1054 283.61 375
61111 1062 285.49 383
61562 1076 281.43 397
62025 1095 272.64 378
62485 1101 276.78 384
62933 1121 266.66 404
63385 1153 244.63 372
63831 1166 241.46 385
64272 1181 236.19 400
64724 1205 222.15 376
65183 1207 230.28 374
65643 1241 206.42 408
66102 1262 195.54 387
66563 1266 201.70 391
67015 1279 198.67 404
67477 1303 184.86 380
67928 1319 178.80 396
68379 1322 185.75 399
68837 1348 169.85 373
69283 1355 172.68 380
69744 1380 157.84 405
70185 1407 140.57 378
70635 1455 102.49 330
71098 1496 71.70 371
71557 1507 70.82 360
72013 1508 79.88 361
72474 1541 57.04 394
72929 1561 47.07 374
73385 1563 55.13 372
73830 1588 39.94 397
74287 1617 21.02 368
74738 1626 21.96 377
75188 1654 3.88 405
75641 1684 -16.13 375
76103 1687 -8.94 378
76544 1715 -27.22 406
76997 1750 -52.23 371
77459 1752 -44.04 369
77912 1781 -63.05 398
78373 1798 -69.89 381
78819 1806 -68.05 373
79280 1824 -75.89 391
79735 1855 -96.86 360
80196 1869 -100.69 374
80658 1891 -112.50 396
81098 1904 -115.80 383
81539 1906 -108.08 381
81989 1932 -124.16 407
82443 1960 -142.14 379
82897 1967 -139.13 372
83350 1998 -160.15 403
83813 2031 -182.94 370
84269 2036 -177.88 365
84726 2063 -194.80 392
85183 2082 -203.73 373
85642 2083 -194.61 374
86093 2113 -214.66 404
86534 2125 -216.94 392
86995 2126 -207.77 391
87448 2146 -217.78 411
87910 2177 -238.60 380
88357 2179 -230.74 382
88819 2204 -245.55 407
89267 2236 -267.68 375
89723 2241 -262.62 370
90175 2275 -286.65 404
90616 2300 -301.93 379
91064 2303 -295.05 382
91517 2331 -313.06 410
91975 2349 -320.97 392
92433 2356 -317.87 385
92878 2376 -328.05 405
93332 2408 -350.04 373
93783 2408 -340.10 373
94234 2432 -354.15 397
94688 2448 -360.14 381
95148 2457 -359.00 372
95594 2494 -386.17 409
96050 2522 -404.11 381
96509 2526 -397.99 377
96968 2550 -411.87 401
97413 2574 -426.06 377
97873 2575 -416.92 376
98326 2611 -442.93 412
98780 2635 -456.92 388
99230 2640 -451.99 383
99683 2656 -458.00 399
100139 2680 -471.95 375
100588 2685 -467.05 370
101049 2697 -468.88 382
101496 2703 -465.03 388
101944 2709 -461.15 394
102389 2710 -452.34 393
102838 2719 -451.44 402
103293 2719 -441.41 402
103755 2733 -445.22 388
104212 2738 -440.14 393
104664 2740 -432.17 395
105123 2746 -428.05 389
105569 2749 -421.22 392
106031 2751 -413.03 394
106486 2755 -407.00 398
106946 2762 -403.86 391
107403 2766 -397.78 387
107866 2768 -389.57 385
108314 2770 -381.69 387
108770 2773 -374.64 384
109229 2775 -366.52 382
109684 2776 -357.48 383
110130 2778 -349.65 381
110579 2783 -344.75 376
111035 2790 -341.70 369
111491 2796 -337.64 375
111942 2798 -329.70 377
112404 2800 -321.51 375
112859 2805 -316.48 380
113300 2809 -310.75 376
113763 2814 -305.54 381
114211 2816 -297.66 383
114660 2818 -289.76 385
115106 2822 -283.93 389
115563 2823 -274.85 390
116026 2831 -272.64 382
116476 2836 -267.72 387
116926 2839 -260.80 384
117388 2846 -257.61 377
117839 2850 -251.67 381
118294 2853 -244.64 384
118755 2863 -244.47 394
119196 2869 -240.75 388
119654 2869 -230.65 388
120113 2877 -228.53 396
120562 2885 -226.63 388
121012 2896 -227.70 399
121469 2906 -227.63 389
121926 2913 -224.55 396
122376 2916 -217.63 393
122821 2921 -212.82 398
123274 2935 -216.83 384
123724 2947 -218.90 396
124173 2950 -212.00 393
124626 2952 -204.02 395
125075 2955 -197.12 392
125534 2961 -192.99 398
125986 2961 -183.03 398
126432 3004 -216.19 355
126890 3009 -211.09 350
127331 3031 -223.37 372
127776 3035 -217.56 376
128222 3041 -213.72 382
128672 3050 -212.80 391
129117 3057 -209.99 384
129573 3066 -208.93 393
130034 3068 -200.77 391
130488 3077 -199.76 382
130948 3087 -199.62 392
131405 3092 -194.54 397
131871 3097 -189.26 392
132317 3099 -181.43 394
132767 3105 -177.51 388
133218 3109 -171.56 392
133666 3109 -161.68 392
134118 3112 -154.72 395
134566 3116 -148.84 391
135012 3118 -141.01 389
135475 3121 -133.80 386
135932 3127 -129.72 392
136383 3136 -128.78 383
136823 3138 -121.07 381
137283 3146 -118.93 389
137728 3152 -115.12 383
138173 3153 -106.31 384
138620 3168 -111.45 399
139068 3180 -113.57 387
139529 3181 -104.41 386
139983 3188 -101.40 393
140438 3191 -94.36 396
140884 3191 -84.53 396
141329 3202 -85.72 385
141789 3204 -77.57 387
142230 3205 -68.85 388
142687 3210 -63.77 393
143146 3223 -66.65 380
143604 3226 -59.55 383
144066 3231 -54.37 388
144516 3242 -55.44 377
144970 3243 -46.43 378
145429 3249 -42.31 372
145883 3261 -44.30 384
146332 3262 -35.40 385
146790 3264 -27.30 387
147240 3277 -30.38 374
147697 3293 -36.30 390
148145 3298 -31.43 385
148602 3302 -25.35 381
149046 3302 -15.56 381
149500 3302 -5.55 381
149956 3306 0.51 385
26 0 0.73 312
472 32 -18.66 344
927 54 -27.81 366
1389 65 -25.75 377
1842 81 -28.95 361
2285 101 -36.44 381
2729 105 -27.89 377
3181 111 -21.12 383
3639 113 -10.18 381
4094 119 -3.33 387
4541 123 5.30 383
4984 127 13.82 387
5428 134 19.37 394
5889 135 31.39 393
6330 140 38.85 388
6783 145 46.65 393
7235 147 57.42 395
7687 148 69.19 394
8149 155 75.25 387
8590 158 84.71 384
9036 162 93.31 388
9479 167 100.83 383
9924 167 113.40 383
10380 169 124.28 385
10833 169 137.08 385
11278 173 145.66 381
11730 173 158.43 381
12171 175 168.89 383
12616 178 178.46 380
13059 183 185.98 375
13502 185 196.50 377
13964 187 207.55 379
14411 192 215.18 384
14856 197 222.75 379
15306 199 233.47 377
15764 203 242.41 381
16215 213 245.15 391
16667 217 253.92 387
17118 219 264.66 385
17574 219 277.55 385
18035 222 287.57 382
18485 226 296.29 386
18939 230 305.12 390
19398 231 317.09 391
19849 235 325.83 387
20305 236 337.71 386
20748 239 347.23 389
21206 239 360.17 389
21655 242 369.86 392
22109 252 372.68 382
22552 253 384.20 381
23006 256 394.03 378
23467 300 363.05 334
23911 318 357.60 352
24354 332 356.12 366
24801 332 368.75 366
25249 373 340.40 325
25704 397 329.26 349
26149 404 334.83 356
26601 414 337.60 366
27052 427 337.35 379
27498 430 346.95 376
27963 432 358.09 374
28425 436 367.14 370
28884 437 379.11 369
29336 443 385.88 375
29799 449 392.96 381
30247 454 400.62 386
30709 461 406.67 393
31157 462 418.33 392
31612 466 427.19 396
32068 471 435.07 401
32519 479 439.82 393
32959 480 451.25 392
33417 488 456.19 384
33876 494 463.16 390
34323 498 471.79 394
34783 505 477.78 387
35245 509 486.84 383
35690 513 495.41 379
36141 518 503.15 384
36591 561 472.87 341
37047 569 477.75 349
37504 583 476.67 363
37965 587 485.69 367
38412 591 494.32 371
38856 592 505.87 372
39304 602 508.52 382
39751 608 515.15 388
40202 614 521.90 382
40659 620 528.81 388
41107 625 536.47 383
41565 626 548.41 384
42018 634 553.21 392
42474 635 565.09 391
42924 636 576.81 390
43383 638 587.78 392
43831 648 590.43 382
44276 656 595.01 390
44726 659 604.72 393
45169 664 612.24 388
45620 671 617.98 395
46081 681 621.01 385
46538 685 629.92 389
46983 689 638.49 393
47445 694 646.55 388
47898 703 650.35 379
48346 708 658.00 384
48794 714 664.66 390
49255 716 675.69 392
49714 718 686.66 394
50183 726 691.91 386
50641 733 697.85 393
51103 755 688.90 415
51564 763 693.93 407
52017 801 668.73 369
52471 836 646.55 404
52928 836 659.47 404
53385 868 640.38 372
53832 902 619.01 406
54282 911 622.72 397
54735 944 602.52 364
55178 983 576.04 403
55632 983 588.87 403
56091 1015 569.84 371
56531 1041 556.27 397
56972 1042 567.73 398
57434 1072 550.78 368
57880 1103 532.38 399
58336 1104 544.27 398
58780 1187 473.81 315
59231 1232 441.56 360
59684 1251 435.36 379
60134 1280 419.07 350
60588 1318 393.90 388
61049 1329 395.92 399
61505 1365 372.81 363
61958 1395 355.61 393
62401 1402 361.12 400
62847 1432 343.73 370
63302 1467 321.58 405
63755 1475 326.38 413
64213 1516 298.32 372
64668 1535 292.18 391
65131 1548 292.26 404
65592 1582 271.28 370
66048 1614 252.17 402
66507 1621 258.14 409
66956 1661 230.82 369
67400 1689 215.37 397
67843 1695 221.89 403
68299 1735 194.77 363
68748 1763 179.46 391
69200 1772 183.23 400
69658 1806 162.17 366
70098 1825 155.60 385
70556 1840 153.54 400
71013 1884 122.45 356
71458 1907 112.03 379
71924 1925 107.19 397
72386 1963 82.25 359
72840 1994 64.07 390
73296 2010 60.96 406
73755 2046 37.93 370
74210 2077 19.78 401
74653 2087 22.30 411
75097 2129 -7.15 369
75555 2158 -23.21 398
76016 2174 -26.19 414
76460 2208 -47.64 380
76920 2231 -57.65 403
77368 2236 -49.99 408
77827 2270 -71.02 374
78275 2293 -81.36 397
78727 2302 -77.59 406
79188 2329 -91.56 379
79640 2345 -94.79 395
80095 2355 -91.94 405
80558 2393 -116.86 367
81016 2416 -126.91 390
81477 2436 -133.89 410
81925 2473 -158.23 373
82386 2491 -163.21 391
82837 2506 -165.46 406
83298 2537 -183.44 375
83741 2554 -187.92 392
84202 2564 -184.89 402
84653 2649 -257.15 317
85101 2689 -284.49 357
85553 2714 -296.72 382
86007 2752 -321.90 344
86456 2765 -322.21 357
86916 2799 -343.21 391
87362 2835 -366.61 355
87812 2844 -362.90 364
88265 2878 -384.10 398
88708 2906 -399.58 370
89161 2913 -393.78 377
89609 2948 -416.12 412
90054 2978 -433.55 382
90494 2980 -423.12 384
90951 3016 -446.20 420
91401 3056 -473.49 380
91848 3059 -463.86 383
92297 3092 -484.17 416
92753 3124 -503.29 384
93200 3174 -540.66 334
93650 3223 -576.94 383
94106 3246 -587.06 360
94560 3247 -575.23 359
95007 3286 -601.60 398
95455 3312 -614.94 372
95910 3316 -606.09 376
96372 3353 -630.03 413
96828 3393 -657.15 373
97290 3394 -645.10 372
97746 3432 -670.21 410
98197 3460 -685.47 382
98645 3461 -673.81 381
99097 3497 -697.04 417
99537 3537 -724.61 377
99986 3544 -718.92 370
100450 3552 -713.81 378
100902 3559 -708.04 385
101356 3561 -697.21 387
101809 3561 -684.41 387
102255 3563 -673.81 385
102713 3566 -663.87 382
103164 3571 -656.13 377
103605 3571 -643.67 377
104058 3572 -631.87 376
104512 3581 -628.04 385
104955 3585 -619.52 381
105404 3587 -608.84 383
105862 3588 -596.90 384
106313 3593 -589.15 389
106775 3597 -580.10 393
107238 3600 -570.02 390
107701 3610 -566.94 380
108157 3612 -556.05 382
108614 3621 -552.14 391
109064 3627 -545.43 385
109510 3627 -532.82 385
109951 3630 -523.36 388
110412 3632 -512.34 390
110875 3641 -508.26 381
111317 3645 -499.77 385
111763 3646 -488.17 386
112226 3660 -489.08 400
112682 3668 -484.20 392
113130 3671 -474.54 395
113586 3673 -463.66 393
114029 3678 -456.14 388
114475 3680 -445.54 386
114936 3686 -438.51 380
115386 3691 -430.80 385
115841 3694 -420.94 382
116300 3702 -415.97 390
116761 3708 -408.95 396
117209 3714 -402.29 402
117664 3718 -393.44 406
118116 3720 -382.66 404
118575 3731 -380.70 393
119026 3739 -375.95 385
119470 3743 -367.41 389
119925 3744 -355.55 390
120383 3791 -389.61 343
120835 3805 -390.84 357
121294 3810 -382.87 362
121746 3820 -380.10 372
122192 3826 -373.50 378
122651 3835 -369.53 387
123112 3838 -359.50 384
123575 3844 -352.42 390
124027 3893 -388.65 341
124488 3912 -394.62 360
124944 3927 -396.74 375
125393 3929 -386.05 373
125841 3936 -380.40 380
126303 3944 -375.34 388
126749 3947 -365.74 391
127203 3949 -354.91 393
127650 3954 -347.28 388
128104 3959 -339.46 383
128555 3962 -329.71 386
129012 3967 -321.80 391
129470 3972 -313.86 386
129921 3977 -306.12 381
130383 3983 -299.06 387
130841 3985 -288.12 385
131284 3986 -276.61 384
131737 3991 -268.81 379
132195 3998 -262.87 386
132650 4005 -257.01 379
133106 4008 -247.13 376
133552 4018 -244.52 386
134003 4023 -236.78 391
134447 4026 -227.24 394
134911 4078 -266.13 342
135366 4099 -274.27 363
135814 4101 -263.61 365
136261 4103 -252.98 367
136715 4109 -246.15 373
137155 4112 -236.72 376
137608 4118 -229.92 370
138059 4129 -228.18 381
138514 4130 -216.32 380
138968 4132 -205.50 378
139429 4134 -194.47 376
139894 4136 -183.33 374
140347 4143 -177.53 381
140797 4147 -168.82 377
141245 4151 -160.16 381
141691 4154 -150.56 378
142152 4159 -142.53 373
142596 4168 -138.99 382
143049 4176 -134.19 390
143495 4181 -126.59 395
143951 4186 -118.70 390
144407 4190 -109.82 394
144860 4194 -101.02 398
145316 4194 -88.14 398
145768 4195 -76.36 399
146223 4202 -70.51 392
146686 4209 -64.43 385
147143 4209 -51.51 385
147589 4214 -43.91 390
148040 4216 -33.17 392
148499 4221 -25.20 397
148955 4223 -14.32 395
149413 4225 -3.38 393
149877 4234 0.73 384
