9 392
441 401
872 389
1304 383
1735 382
2167 388
2598 392
3030 396
3461 394
3893 400
4324 400
4756 400
5187 396
5618 389
6050 387
6481 391
6915 387
7346 379
7778 382
8209 388
8641 386
9072 403
9504 392
9935 398
10367 399
10798 394
11230 393
11665 393
12096 391
12528 390
12959 397
13391 391
13822 383
14254 387
14685 387
15117 385
15548 387
15980 384
16411 390
16843 342
17274 360
17706 371
18137 380
18569 383
19000 388
19432 394
19863 388
20295 392
20726 399
21158 396
21589 347
22021 357
22452 368
22883 379
23315 380
23746 374
24178 386
24609 379
25041 387
25472 384
25904 392
26335 389
26767 391
27198 382
27630 344
28061 362
28495 370
28926 379
29358 383
29789 382
30221 387
30652 385
31084 385
31515 386
31947 394
32378 382
32810 376
33241 385
33676 390
34108 394
34539 394
34971 385
35402 383
35834 378
36265 388
36697 397
37128 390
37560 396
37991 397
38423 384
38854 374
39286 370
39717 383
40149 386
40580 383
41012 382
41443 382
41874 385
42306 383
42737 386
43169 387
43600 388
44032 397
44463 390
44895 379
45326 377
45758 385
46189 383
46621 387
47052 388
47487 389
47918 385
48350 381
48781 382
49213 391
49644 393
50085 394
50516 403
50948 405
51379 378
51810 381
52242 405
52673 389
53105 388
53536 408
53968 395
54399 379
54831 388
55266 402
55697 402
56129 357
56560 358
56992 354
57423 388
57854 398
58286 380
58717 388
59149 407
59580 309
60012 386
60443 438
60875 309
61306 391
61738 487
62169 327
62600 316
63032 502
63463 466
63895 298
64326 390
64758 465
65189 340
65621 423
66052 424
66484 290
66917 389
67348 466
67780 290
68211 314
68642 496
69074 376
69505 309
69937 454
70368 373
70800 309
71231 491
71663 412
72094 309
72526 464
72957 467
73388 288
73820 408
74251 464
74683 296
75114 388
75546 472
75977 312
76409 331
76840 483
77275 350
77707 317
78138 497
78570 376
79001 325
79433 474
79864 398
80295 338
80727 454
81158 399
81590 332
82021 436
82453 398
82884 294
83316 434
83747 384
84179 284
84610 433
85041 462
85473 289
85904 345
86336 467
86767 350
87199 360
87630 450
88062 344
88495 377
88926 492
89358 370
89789 307
90221 481
90652 422
91084 301
91515 429
91947 424
92378 298
92809 360
93241 408
93672 278
94104 382
94535 453
94967 299
95398 344
95830 471
96261 338
96693 344
97124 476
97555 382
97987 322
98418 462
98850 426
99281 305
99716 415
100156 447
100588 305
101019 358
101451 452
101882 356
102314 341
102745 430
103177 331
103608 307
104039 393
104471 376
104902 326
105334 345
105765 350
106197 334
106628 369
107059 356
107493 281
107924 376
108355 437
108787 325
109218 345
109650 435
110081 384
110513 376
110944 380
111375 434
111807 366
112238 318
112670 446
113101 473
113533 317
113964 321
114395 483
114827 439
115258 336
115690 378
116121 377
116553 398
116984 424
117415 367
117847 310
118278 436
118710 460
119141 337
119573 349
120004 444
120436 404
120867 351
121302 398
121733 326
122165 334
122596 411
123028 379
123459 325
123891 390
124322 412
124753 350
125185 380
125616 419
126048 380
126479 396
126912 410
127344 368
127775 401
128207 438
128638 369
129070 359
129501 407
129932 408
130364 375
130795 354
131227 416
131658 426
132090 357
132521 377
132952 440
133384 363
133815 340
134247 444
134678 420
135110 319
135541 376
135972 427
136404 385
136835 364
137267 377
137698 365
138130 401
138561 421
138993 350
139424 354
139855 445
140287 413
140718 340
141150 389
141581 417
142013 375
142444 380
142875 396
143310 368
143742 399
144173 417
144605 368
145036 374
145468 422
145899 396
146330 383
146762 411
147193 382
147625 388
148056 403
148489 379
148921 379
149352 388
149784 398
