10 0 0 427
442 16 16 411
874 30 30 397
1306 37 37 390
1738 46 46 381
2170 48 48 379
2602 51 51 376
3034 55 55 380
3467 60 60 375
3899 63 63 372
4331 68 68 377
4763 72 72 373
5195 76 76 377
5627 80 80 373
6059 85 85 378
6491 88 88 381
6923 89 89 382
7355 93 93 386
7787 97 97 390
8219 98 98 391
8652 99 99 392
9084 101 101 390
9516 109 109 382
9948 110 110 383
10380 112 112 385
10812 117 117 380
11246 120 120 383
11678 121 121 382
12110 130 130 373
12542 130 130 373
12974 131 131 372
13406 136 136 377
13838 138 138 379
14270 139 139 380
14702 141 141 382
15134 143 143 384
15567 146 146 387
15999 146 146 387
16431 150 150 383
16863 152 152 381
17295 153 153 382
17727 161 161 374
18159 167 167 380
18591 170 170 383
19023 174 174 379
19455 178 178 375
19887 183 183 380
20319 184 184 381
20751 185 185 382
21184 194 194 373
21616 197 197 376
22048 202 202 371
22480 203 203 370
22912 211 211 378
23344 214 214 381
23776 220 220 375
24208 223 223 378
24640 231 231 386
25072 231 231 386
25504 233 233 388
25936 237 237 392
26368 237 237 392
26801 238 238 393
27233 245 245 386
27665 251 251 380
28097 254 254 383
28529 257 257 380
28961 265 265 372
29393 272 272 379
29826 273 273 378
30261 277 277 382
30693 280 280 385
31125 280 280 385
31557 280 280 385
31989 283 283 382
32422 288 288 387
32854 289 289 388
33286 290 290 389
33718 294 294 385
34150 297 297 382
34582 300 300 385
35014 305 305 380
35446 311 311 386
35878 317 317 380
36310 319 319 382
36742 322 322 385
37174 325 325 382
37607 327 327 384
38039 334 334 377
38471 338 338 381
38903 342 342 377
39335 345 345 380
39767 349 349 384
40199 350 350 385
40631 350 350 385
41063 355 355 380
41495 361 361 386
41927 370 370 377
42359 371 371 376
42792 375 375 380
43224 380 380 375
43656 384 384 371
44088 385 385 372
44520 392 392 379
44952 399 399 386
45384 399 399 386
45818 400 400 387
46250 403 403 390
46682 403 403 390
47114 404 404 391
47546 412 412 383
47978 415 415 380
48410 419 419 384
48845 423 423 388
49277 426 426 391
49709 429 429 388
50155 442 442 375
50587 443 443 376
51019 448 448 371
51451 451 451 368
51883 462 462 379
52315 469 469 372
52747 471 471 374
53179 475 475 370
53611 485 485 380
54043 487 487 382
54475 488 488 383
54907 488 488 383
55339 494 494 377
55771 496 496 379
56203 497 497 378
56635 499 499 380
57067 504 504 385
57499 505 505 384
57931 506 506 385
58363 509 509 382
58795 515 515 388
59227 523 523 380
59659 525 525 382
60091 531 531 376
60523 535 535 380
60955 537 537 382
61387 540 540 385
61820 542 542 387
62252 547 547 382
62684 552 552 387
63116 557 557 382
63548 568 568 371
63980 571 571 368
64412 581 581 378
64848 585 585 382
65280 592 592 375
65712 596 596 379
66144 596 596 379
66576 597 597 378
67008 601 601 382
67440 611 611 392
67871 614 614 389
68303 614 614 389
68735 618 618 385
69167 626 626 377
69599 627 627 376
70031 631 631 380
70463 633 633 382
70895 635 635 384
71327 642 642 391
71759 652 652 381
72191 656 656 377
72623 657 657 376
73055 663 663 382
73487 667 667 386
73919 713 713 340
74351 730 730 357
74783 732 732 355
75215 735 735 358
75647 775 775 318
76079 794 794 337
76511 811 811 354
76943 824 824 367
77375 827 827 364
77807 828 828 365
78239 830 830 367
78671 833 833 364
79103 842 842 373
79535 848 848 379
79967 853 853 374
80399 857 857 378
80831 900 900 335
81263 907 907 342
81695 924 924 359
82127 930 930 365
82559 937 937 372
82990 938 938 373
83422 944 944 379
83854 948 948 375
84286 951 951 372
84718 960 960 381
85150 964 964 377
85582 967 967 374
86014 974 974 381
86446 974 974 381
86878 981 981 374
87310 984 984 371
87742 985 985 372
88174 990 990 367
88606 990 990 367
89038 992 992 369
89470 997 997 364
89902 1007 1007 374
90334 1015 1015 382
90766 1026 1026 371
91198 1027 1027 372
91630 1036 1036 381
92062 1037 1037 382
92494 1039 1039 384
92926 1044 1044 389
93358 1049 1049 384
93790 1050 1050 383
94222 1053 1053 386
94654 1057 1057 390
95086 1060 1060 387
95518 1063 1063 384
95950 1069 1069 390
96382 1069 1069 390
96814 1075 1075 396
97247 1078 1078 393
97679 1088 1088 383
98111 1089 1089 384
98543 1093 1093 388
98975 1102 1102 379
99407 1103 1103 378
99839 1107 1107 382
100284 1112 1112 387
100716 1118 1118 381
101148 1121 1121 378
101580 1126 1126 383
102012 1127 1127 382
102444 1135 1135 374
102876 1140 1140 379
103308 1140 1140 379
103740 1141 1141 380
104172 1147 1147 374
104604 1154 1154 381
105036 1159 1159 376
105468 1166 1166 369
105900 1171 1171 374
106332 1213 1213 332
106764 1231 1231 350
107196 1243 1243 362
107628 1252 1252 371
108060 1256 1256 367
108492 1260 1260 371
108924 1260 1260 371
109356 1262 1262 369
109788 1264 1264 367
110220 1264 1264 367
110652 1267 1267 370
111084 1271 1271 374
111516 1276 1276 369
111948 1278 1278 371
112380 1281 1281 374
112812 1286 1286 379
113246 1287 1287 378
113678 1290 1290 381
114110 1293 1293 378
114542 1299 1299 384
114974 1303 1303 388
115406 1304 1304 387
115838 1305 1305 386
116270 1353 1353 338
116702 1359 1359 344
117134 1373 1373 358
117566 1384 1384 369
117998 1384 1384 369
118430 1387 1387 366
118862 1388 1388 365
119294 1389 1389 364
119726 1396 1396 371
120158 1402 1402 377
120590 1406 1406 381
121022 1410 1410 377
121454 1411 1411 376
121886 1417 1417 370
122318 1422 1422 375
122750 1425 1425 378
123182 1430 1430 373
123614 1434 1434 377
124046 1437 1437 380
124478 1438 1438 381
124910 1440 1440 383
125342 1445 1445 378
125774 1452 1452 385
126206 1453 1453 384
126638 1456 1456 387
127070 1462 1462 381
127502 1465 1465 378
127934 1467 1467 380
128366 1472 1472 375
128798 1475 1475 372
129230 1480 1480 377
129662 1481 1481 378
130094 1488 1488 385
130526 1494 1494 379
130958 1497 1497 376
131390 1500 1500 379
131824 1504 1504 383
132256 1509 1509 378
132688 1518 1518 369
133120 1523 1523 374
133552 1528 1528 379
133984 1528 1528 379
134416 1532 1532 375
134848 1537 1537 380
135284 1544 1544 373
135716 1547 1547 376
136148 1554 1554 383
136580 1558 1558 379
137012 1558 1558 379
137444 1560 1560 377
137876 1563 1563 380
138308 1567 1567 384
138740 1573 1573 390
139172 1573 1573 390
139604 1576 1576 393
140036 1583 1583 386
140468 1584 1584 387
140900 1587 1587 384
141332 1594 1594 377
141764 1594 1594 377
142196 1595 1595 376
142628 1600 1600 381
143060 1601 1601 382
143492 1609 1609 374
143924 1612 1612 377
144356 1614 1614 379
144788 1617 1617 382
145220 1621 1621 386
145652 1623 1623 388
146084 1632 1632 379
146516 1636 1636 375
146948 1639 1639 372
147380 1644 1644 377
147812 1648 1648 381
148246 1652 1652 377
148678 1654 1654 375
149110 1654 1654 375
149542 1656 1656 377
149974 1657 0 378
