9 342
440 361
871 371
1302 385
1733 382
2164 390
2595 394
3026 392
3459 388
3890 394
4321 391
4752 392
5183 389
5614 391
6045 389
6476 397
6907 391
7338 384
7769 385
8200 372
8631 384
9062 389
9494 385
9925 389
10356 391
10787 387
11218 385
11649 380
12080 386
12511 382
12942 385
13373 391
13806 385
14237 386
14668 385
15099 387
15530 382
15962 389
16393 388
16824 394
17255 391
17686 390
18117 382
18548 391
18979 389
19410 384
19841 391
20272 384
20703 376
21134 387
21566 385
21997 386
22428 392
22862 385
23293 383
23724 376
24155 389
24586 388
25017 342
25448 360
25879 372
26311 369
26742 373
27173 382
27604 385
28035 385
28466 387
28897 383
29328 387
29759 379
30190 383
30621 382
31053 391
31484 387
31915 380
32346 386
32777 380
33208 377
33639 381
34070 381
34501 387
34932 382
35363 337
35794 352
36227 364
36658 373
37089 370
37521 380
37952 388
38383 383
38814 386
39245 387
39676 384
40107 379
40538 378
40969 385
41400 389
41831 391
42262 384
42693 384
43125 380
43556 386
43987 393
44418 387
44852 382
45283 387
45714 382
46146 386
46577 386
47008 377
47439 377
47870 382
48301 388
48732 392
49163 344
49594 359
50033 361
50471 367
50903 372
51334 385
51765 385
52196 385
52627 385
53058 388
53489 393
53920 391
54351 391
54782 393
55213 386
55644 396
56075 397
56506 389
56937 388
57368 391
57799 389
58232 383
58663 390
59094 391
59525 392
59956 385
60387 386
60818 339
61249 346
61680 310
62111 325
62542 344
62973 361
63404 364
63838 379
64269 381
64701 378
65132 389
65563 382
65994 378
66425 372
66856 381
67287 379
67718 379
68149 381
68580 376
69011 389
69442 382
69873 377
70304 381
70735 384
71166 385
71597 386
72028 390
72459 376
72890 388
73321 392
73752 391
74183 391
74614 385
75045 381
75476 387
75907 379
76338 385
76769 384
77200 391
77631 387
78062 390
78493 384
78924 387
79355 386
79786 345
80217 349
80648 359
81079 360
81510 376
81941 369
82372 373
82805 380
83236 388
83667 393
84098 388
84530 390
84961 390
85392 394
85826 387
86257 380
86688 388
87119 393
87550 394
87981 385
88412 389
88843 385
89274 389
89705 390
90136 389
90567 395
90998 388
91429 393
91860 391
92291 390
92722 393
93153 390
93584 384
94015 385
94447 394
94878 391
95309 396
95740 396
96171 388
96602 388
97033 392
97464 397
97895 391
98326 387
98757 388
99188 381
99619 380
100050 374
100481 390
100912 391
101343 386
101774 341
102205 344
102636 354
103067 366
103498 378
103929 387
104360 385
104791 377
105222 374
105653 384
106084 391
106515 393
106946 389
107377 390
107812 385
108243 389
108674 385
109105 384
109536 381
109967 381
110398 376
110829 385
111260 383
111691 392
112122 393
112553 393
112984 391
113415 387
113846 383
114277 379
114708 373
115139 373
115570 372
116001 390
116432 378
116863 383
117294 377
117725 383
118156 379
118587 373
119018 382
119449 383
119880 390
120311 392
120743 383
121174 384
121605 387
122036 385
122467 383
122898 383
123329 382
123760 377
124191 375
124622 381
125053 382
125484 387
125915 388
126346 392
126777 393
127208 389
127639 385
128070 384
128501 387
128932 387
129363 385
129797 386
130230 391
130661 392
131092 391
131523 399
131954 389
132385 391
132816 384
133247 389
133678 390
134109 343
134540 353
134971 360
135402 369
135834 375
136265 369
136696 372
137127 383
137558 385
137989 384
138420 388
138851 394
139282 387
139713 390
140144 392
140575 395
141006 392
141437 397
141868 392
142299 399
142730 387
143161 385
143592 380
144023 387
144454 387
144885 377
145316 382
145747 389
146178 383
146609 381
147040 383
147471 380
147902 376
148333 384
148764 387
149195 386
149626 380
150057 369
150488 377
150919 380
151350 377
151785 383
152216 385
152647 386
153078 391
153509 390
153940 394
154371 345
154803 358
155235 357
155666 368
156097 381
156528 384
156959 391
157390 388
157821 391
158252 388
158683 378
159114 371
159545 371
159976 376
160407 388
160838 389
161269 388
161700 388
162131 379
162562 379
162993 382
163424 377
163855 382
164286 378
164717 331
165148 344
165579 353
166010 362
166441 379
166872 380
167303 376
167734 383
168165 386
168596 390
169027 389
169458 390
169889 404
170320 392
170751 393
171182 389
171613 388
172044 397
172475 395
172906 392
173341 386
173772 391
174203 384
174634 392
175065 395
175496 391
175927 392
176358 391
176789 386
177220 391
177651 389
178082 396
178513 394
178944 398
179375 403
179808 393
180239 391
180670 387
181101 385
181532 381
181963 382
182394 375
182825 381
183256 384
183687 385
184118 384
184549 387
184980 390
185411 394
185842 399
186273 393
186704 389
187135 391
187567 389
187998 381
188429 382
188860 386
189291 388
189722 385
190153 383
190584 382
191015 388
191446 394
191877 404
192308 349
192739 353
193170 359
193601 367
194032 371
194463 376
194894 332
195329 353
195760 356
196191 370
196622 382
197053 390
197484 392
197915 392
198346 387
198777 381
199208 381
199639 386
200070 390
200501 396
200932 393
201363 386
201794 381
202225 387
202656 384
203087 387
203518 386
203949 389
204380 389
204811 390
205242 381
205673 390
206104 396
206535 395
206966 395
207397 386
207828 378
208259 386
208690 392
209121 388
209552 389
209983 388
210415 383
210846 385
211277 382
211708 373
212139 376
212570 381
213001 382
213432 384
213863 391
214294 394
214725 396
215156 401
215587 395
216018 389
216449 386
216880 386
217314 392
217745 387
218176 386
218607 378
219038 370
219469 370
219900 377
220331 384
220762 380
221193 386
221624 394
222055 392
222486 395
222918 397
223349 392
223780 380
224211 386
224642 395
225073 390
225504 379
225935 382
226366 389
226797 385
227229 384
227660 392
228091 392
228522 396
228953 396
229384 397
229816 388
230247 343
230678 361
231109 358
231540 365
231971 368
232402 378
232833 374
233264 382
233695 373
234126 391
234557 387
234988 379
235419 377
235850 382
236281 392
236712 395
237143 394
237574 398
238005 386
238436 378
238867 376
239301 385
239732 381
240163 393
240594 385
241025 385
241456 383
241887 381
242318 391
242749 383
243180 389
243611 381
244043 383
244474 388
244905 386
245336 395
245767 397
246198 389
246629 387
247060 388
247491 374
247922 369
248353 373
248784 379
249215 382
249646 375
250077 384
250508 389
250939 381
251370 395
251803 396
252234 417
252665 417
253096 314
253527 341
253958 357
254389 380
254820 422
255251 422
255682 418
256113 396
256544 382
256975 377
257406 384
257837 407
258268 413
258699 411
259130 394
259561 383
259992 372
260423 378
260854 381
261288 392
261719 400
262150 394
262581 378
263012 378
263443 383
263874 383
264305 395
264736 392
265167 394
265598 390
266029 389
266460 384
266891 389
267322 396
267753 391
268184 389
268615 385
269046 378
269477 383
269908 379
270339 383
270770 384
271201 381
271632 380
272063 382
272494 388
272925 391
273356 384
273787 382
274218 387
274649 388
275080 380
275511 383
275942 382
276373 387
276806 388
277237 392
277668 344
278099 349
278530 361
278961 361
279392 371
279824 376
280255 386
280686 393
281117 386
281548 380
281979 386
282410 379
282841 383
283275 385
283706 389
284137 383
284568 384
284999 388
285430 382
285861 374
286292 383
286723 387
287154 384
287585 389
288016 390
288447 394
288878 397
289309 394
289740 386
290171 391
290602 385
291033 381
291464 380
291895 386
292326 379
292757 382
293188 388
293619 391
294050 388
294481 395
294912 389
295343 391
295774 388
296205 381
296636 380
297067 376
297498 384
297929 390
298360 393
298791 388
299222 394
299653 346
300084 361
300515 372
300946 371
301377 369
301810 370
302241 378
302672 387
303103 385
303534 389
303965 392
304396 385
304827 382
305261 387
305692 386
306123 394
306554 397
306985 391
307416 390
307847 391
308278 392
308709 392
309140 386
309571 392
310002 395
310434 389
310865 386
311296 380
311727 376
312158 382
312589 388
313020 391
313451 392
313882 394
314313 384
314744 377
315175 381
315606 385
316037 386
316468 391
316899 393
317330 386
317761 391
318192 385
318623 387
319054 384
319485 379
319916 377
320347 379
320778 380
321209 387
321640 382
322071 378
322502 375
322933 374
323364 373
323795 375
324228 379
324659 376
325090 372
325521 382
325952 389
326383 389
326814 391
327248 392
327679 395
328110 388
328541 382
328972 389
329403 386
329834 391
330265 387
330696 384
331127 386
331558 392
331989 395
332420 388
332851 383
333282 385
333713 380
334144 385
334575 380
335006 389
335437 384
335868 393
336299 391
336730 390
337161 395
337592 396
338023 384
338454 393
338885 384
339316 390
339747 398
340178 394
340609 396
341040 399
341471 398
341902 395
342333 396
342764 399
343195 393
343626 385
344057 383
344488 383
344919 380
345350 376
345781 385
346212 380
346643 375
347075 375
347506 380
347937 376
348368 384
348799 338
349232 356
349663 367
350094 370
350525 380
350956 377
351387 379
351818 382
352249 390
352680 341
353111 353
353542 360
353973 322
354404 335
354835 346
355266 360
355697 361
356128 366
356559 378
356990 333
357421 346
357852 363
358283 363
358714 372
359145 381
359576 379
360007 381
360438 385
360869 388
361300 392
361731 397
362162 391
362593 387
363024 385
363455 386
363886 340
364317 355
364748 368
365180 375
365611 379
366042 375
366473 381
366904 381
367335 386
367766 390
368197 394
368628 396
369059 394
369490 397
369921 396
370352 388
370783 382
371215 390
371646 395
372077 387
372508 387
372939 382
373370 390
373803 395
374234 387
374665 383
375096 386
375527 390
375958 395
376389 392
376820 397
377251 394
377682 395
378113 394
378544 385
378975 387
379406 385
379837 382
380268 376
380699 385
381130 386
381561 392
381992 393
382423 393
382854 392
383285 395
383716 392
384147 396
384578 395
385009 391
385441 386
385872 383
386303 383
386734 380
387165 388
387596 389
388027 385
388458 384
388889 381
389320 381
389751 380
390182 386
390616 389
391047 385
391478 381
391909 381
392340 381
392771 381
393202 382
393633 386
394064 378
394495 370
394926 373
395357 373
395788 371
396219 372
396650 376
397081 385
397512 388
397943 379
398374 378
398807 387
399238 382
399669 389
400100 386
400531 390
400962 384
401393 390
401824 396
402255 400
402686 399
403117 392
403548 394
403979 386
404411 390
404842 383
405273 385
405704 388
406135 390
406566 382
406997 389
407428 390
407859 382
408290 380
408721 384
409152 391
409583 386
410014 338
410445 356
410876 372
411307 379
411738 379
412173 379
412604 376
413035 382
413466 377
413897 382
414328 386
414759 394
415190 395
415621 387
416052 389
416483 389
416914 383
417345 380
417776 388
418207 389
418638 386
419069 390
419500 394
419931 397
420362 393
420793 387
421224 386
421655 392
422086 384
422517 388
422948 384
423379 388
423811 392
424242 395
424673 393
425104 383
425535 382
425966 376
426397 385
426828 382
427259 388
427690 391
428121 384
428552 376
428983 383
429414 381
429845 380
430276 388
430707 389
9 473
440 447
872 434
1303 432
1735 417
2166 411
2598 401
3029 387
3461 395
3892 387
4324 391
4755 390
5187 389
5620 382
6052 376
6483 372
6915 376
7346 385
7778 387
8209 386
8641 386
9072 391
9504 379
9935 377
10367 381
10798 381
11230 390
11661 397
12093 383
12524 377
12955 380
13387 394
13818 394
14250 391
14682 393
15113 388
15545 393
15976 385
16408 383
16839 383
17270 396
17702 397
18133 393
18565 386
18996 372
19428 377
19859 371
20291 389
20722 389
21154 382
21585 335
22017 348
22448 316
22880 342
23311 361
23743 370
24178 378
24609 385
25043 384
25474 394
25906 400
26337 398
26769 394
27200 407
27632 400
28063 399
28495 397
28926 387
29358 385
29789 381
30221 385
30652 396
31084 400
31515 404
31947 387
32378 387
32810 390
33241 400
33673 391
34104 392
34536 389
34967 380
35399 385
35830 396
36262 403
36693 399
37125 386
37556 376
37988 381
38419 378
38850 387
39282 388
39713 395
40145 389
40576 380
41008 369
41439 375
41871 381
42302 394
42737 403
43169 384
43600 378
44032 333
44463 347
44895 355
45326 361
45758 383
46189 385
46623 387
47054 390
47486 370
47917 377
48349 369
48780 384
49212 401
49643 402
50075 385
50506 351
50938 357
51369 368
51801 390
52232 383
52664 387
53095 372
53527 380
53958 388
54390 410
54821 420
55253 411
55684 383
56116 386
56547 395
56979 401
57410 392
57842 381
58273 372
58705 394
59136 405
59568 419
59999 403
60431 382
60862 366
61294 363
61728 387
62160 416
62591 413
63023 389
63454 367
63886 356
64317 367
64749 391
65180 416
65612 414
66045 412
66476 396
66908 383
67339 379
67771 383
68202 393
68634 398
69065 407
69497 390
69928 381
70360 375
70791 376
71223 378
71654 399
72086 400
72517 379
72949 373
73380 374
73812 334
74243 355
74675 372
75106 386
75538 375
75969 376
76401 377
76832 378
77264 384
77695 387
78127 387
78558 400
78990 400
79421 395
79853 379
80284 391
80716 393
81147 393
81579 397
82010 391
82442 391
82873 385
83305 379
83736 382
84168 389
84599 390
85031 398
85462 393
85894 385
86325 382
86757 390
87188 379
87621 387
88053 385
88484 385
88916 377
89347 377
89779 373
90210 379
90642 387
91073 386
91505 372
91936 376
92368 387
92799 391
93231 383
93662 383
94094 375
94525 376
94957 386
95388 380
95820 383
96251 382
96683 333
97118 353
97549 371
97981 369
98412 371
98844 380
99275 381
99707 388
100138 391
100570 393
101001 390
101433 386
101864 386
102296 389
102727 391
103159 397
103590 390
104022 393
104453 387
104885 377
105316 385
105748 385
106179 380
106611 381
107044 373
107476 372
107907 377
108339 383
108770 383
109202 385
109633 385
110065 394
110496 392
110927 381
111359 381
111790 387
112222 388
112653 371
113085 378
113516 387
113948 394
114379 402
114811 402
115242 386
115677 393
116109 390
116540 400
116972 400
117403 401
117835 394
118266 396
118698 386
119129 384
119561 377
119992 387
120424 378
120855 394
121287 389
121718 388
122150 397
122581 389
123013 387
123444 380
123876 391
124307 391
124739 390
125170 397
125602 394
126033 384
126465 382
126896 378
127328 384
127759 389
128191 381
128623 379
129054 376
129486 383
129917 388
130349 394
130780 395
131212 393
131643 392
132075 399
132506 397
132938 392
133369 391
133801 383
134232 384
134666 394
135098 381
135530 375
135961 376
136392 384
136824 393
137255 388
137687 391
138118 380
138550 385
138981 387
139413 380
139844 387
140276 380
140707 389
141139 386
141570 387
142002 392
142433 392
142865 395
143296 389
143728 395
144159 391
144591 387
145022 393
145454 395
145885 395
146317 397
146748 389
147180 392
147611 389
148045 388
148476 394
148908 401
149339 402
149771 393
150202 386
150634 397
151068 391
151500 391
151931 378
152363 390
152794 393
153226 387
153657 382
154089 387
154520 392
154952 382
155383 382
155815 378
156246 376
156678 374
157109 378
157541 392
157972 378
158404 380
158835 389
159267 389
159698 386
160130 386
160561 393
160993 382
161424 391
161856 382
162287 390
162719 347
163150 354
163582 371
164013 383
164445 389
164876 391
165308 390
165739 390
166171 394
166602 390
167034 389
167465 385
167897 381
168328 376
168760 389
169191 383
169623 383
170058 382
170490 387
170921 377
171353 386
171784 394
172216 392
172647 394
173079 382
173510 380
173941 374
174373 389
174804 387
175236 383
175667 390
176099 393
176530 393
176962 393
177393 387
177825 383
178256 383
178688 385
179119 381
179551 392
179982 393
180414 395
180845 386
181277 395
181708 397
182140 401
182571 395
183003 399
183434 397
183866 389
184297 395
184729 396
185160 394
185592 392
186023 388
186455 382
186886 376
187318 386
187749 387
188181 381
188617 389
189049 378
189480 379
189912 380
190343 386
190775 382
191206 381
191638 384
192069 392
192501 393
192932 387
193364 389
193795 384
194227 373
194658 378
195090 380
195521 383
195953 376
196384 376
196816 389
197247 381
197679 394
198110 387
198542 384
198973 380
199405 392
199836 398
200268 403
200699 392
201131 391
201562 391
201994 392
202425 399
202857 384
203288 384
203720 396
204151 392
204583 403
205014 399
205446 391
205877 387
206309 377
206740 377
207172 380
207604 380
208036 385
208467 377
208899 375
209330 373
209762 377
210193 385
210625 383
211056 388
211488 390
211919 393
212351 391
212782 383
213214 387
213645 388
214077 390
214508 397
214940 395
215371 400
215803 402
216234 394
216666 387
217097 381
217529 373
217960 385
218392 388
218823 391
219255 387
219686 381
220118 384
220549 379
220981 385
221412 381
221844 380
222275 329
222707 340
223138 347
223570 356
224001 366
224433 379
224864 371
225296 376
225727 380
226159 385
226590 387
227022 384
227453 396
227885 404
228316 393
228748 389
229179 381
229611 379
230044 367
230475 378
230907 348
231338 365
231770 375
232201 375
232633 364
233064 358
233496 363
233927 376
234359 386
234790 392
235222 399
235653 388
236085 385
236516 385
236948 386
237379 389
237811 462
238242 340
238674 401
239105 358
239537 365
239968 375
240400 375
240831 409
241263 388
241694 363
242126 346
242557 356
242992 385
243424 400
243855 406
244287 407
244718 387
245150 375
245581 372
246013 383
246444 385
246876 392
247307 406
247739 359
248170 362
248602 368
249033 375
249465 384
249896 400
250328 397
250759 396
251191 392
251623 377
252055 369
252486 378
252918 384
253349 385
253781 381
254212 384
254644 383
255075 381
255507 370
255938 375
256370 371
256801 368
257233 369
257664 371
258096 376
258527 365
258959 365
259390 363
259822 371
260253 376
260685 375
261116 378
261551 379
261983 364
262414 371
262846 376
263277 399
263709 402
264140 409
264572 394
265003 391
265435 390
265866 401
266298 413
266729 407
267161 392
267592 390
268023 378
268455 384
268886 388
269318 392
269749 394
270181 384
270615 386
271046 383
271478 381
271909 383
272341 384
272772 377
273204 372
273635 376
274067 376
274498 379
274930 374
275361 382
275793 393
276224 384
276656 390
277087 374
277519 378
277950 374
278382 331
278813 345
279245 360
279676 373
280108 373
280539 384
280971 389
281402 390
281834 400
282265 403
282697 399
283128 395
283560 387
283991 390
284423 392
284854 398
285286 404
285717 409
286149 397
286580 388
287012 382
287443 387
287875 390
288306 394
288738 394
289169 393
289601 390
290032 387
290464 384
290895 388
291327 397
291758 398
292190 400
292623 400
293054 401
293486 394
293917 391
294349 392
294780 385
295212 386
295643 392
296075 394
296506 395
296938 401
297369 402
297801 400
298232 402
298664 404
299095 406
299527 408
299958 407
300390 402
300821 393
301253 391
301684 390
302116 340
302547 360
302979 374
303410 381
303842 384
304273 375
304705 380
305136 382
305568 372
305999 364
306431 373
306862 371
307294 374
307725 382
308157 385
308588 380
309020 388
309451 381
309883 386
310314 388
310746 392
311177 395
311609 393
312042 392
312473 397
312905 389
313336 393
313768 400
314199 395
314631 393
315062 389
315494 384
315929 394
316360 399
316792 398
317223 398
317655 401
318086 390
318518 390
318949 397
319381 394
319812 343
320244 357
320675 360
321107 358
321538 372
321970 377
322401 373
322833 371
323264 374
323696 376
324127 374
324559 387
324990 391
325422 389
325853 385
326285 388
326716 380
327148 381
327579 389
328011 389
328442 385
328874 386
329305 390
329737 394
330168 387
330600 393
331031 393
331463 392
331894 400
332326 405
332757 396
333189 400
333622 406
334053 392
334488 395
334920 397
335351 390
335783 383
336214 379
336646 381
337077 388
337509 387
337940 384
338372 389
338803 385
339235 379
339666 370
340098 366
340529 375
340961 372
341392 370
341824 368
342255 380
342687 383
343118 379
343550 385
343981 387
344413 383
344844 386
345276 398
345707 347
346139 353
346570 366
347002 371
347433 383
347865 386
348296 395
348728 392
349159 397
349591 393
350022 391
350454 395
350885 390
351317 392
351748 393
352180 388
352611 396
353045 397
353476 392
353908 394
354339 397
354771 398
355202 395
355634 387
356065 387
356497 387
356928 385
357360 378
357791 387
358222 386
358654 390
359085 392
359517 346
359948 309
360380 330
360811 351
361243 365
361674 369
362106 374
362537 379
362969 381
363400 383
363832 384
364263 381
364695 384
365126 392
365558 392
365989 399
366421 397
366852 390
367284 393
367715 388
368147 393
368578 390
369010 384
369441 392
369873 395
370304 394
370736 395
371167 395
371599 386
372030 390
372462 390
372893 388
373325 395
373756 390
374188 377
374621 380
375053 388
375484 344
375916 358
376347 370
376779 379
377210 377
377641 382
378073 389
378504 381
378936 390
379367 383
379799 379
380230 380
380662 387
381093 393
381525 391
381956 390
382388 397
382819 390
383251 397
383682 392
384114 384
384545 380
384977 375
385409 378
385840 389
386271 385
386703 381
387134 388
387566 395
387997 390
388429 392
388864 388
389295 385
389727 384
390158 390
390590 390
391021 378
391453 335
391884 352
392316 360
392747 370
393179 372
393610 380
394044 384
394475 383
394907 384
395338 388
395770 386
396201 390
396633 383
397064 386
397495 396
397927 403
398359 399
398790 395
399221 395
399653 382
400084 340
400516 351
400947 356
401379 371
401810 374
402242 380
402673 388
403105 393
403536 396
403968 398
404399 399
404831 391
405262 382
405694 379
406125 384
406557 384
406988 387
407423 386
407855 381
408286 376
408718 381
409149 382
409581 387
410012 389
410444 390
410875 391
411307 382
411738 396
412170 399
412601 387
413033 389
413464 394
413896 396
414327 400
414759 397
415190 389
415623 395
416055 395
416486 395
416918 390
417349 397
417781 395
418212 386
418644 396
419075 384
419507 384
419938 390
420370 397
420801 394
421233 400
421664 400
422095 397
422527 385
422958 386
423390 389
423821 386
424253 391
424684 385
425116 384
425547 375
425979 379
426413 382
426844 390
427276 381
427707 383
428139 389
428570 388
429002 382
429433 392
429865 397
430296 387
430728 392
431159 402
