11 300
442 341
873 384
1304 349
1735 371
2166 357
2597 354
3028 345
3459 345
3890 355
4321 372
4753 344
5184 363
5615 375
6046 373
6477 372
6908 374
7339 384
7770 391
8201 389
8632 392
9063 397
9494 394
9925 381
10356 380
10788 375
11219 377
11650 382
12081 377
12512 377
12943 381
13374 380
13805 375
14236 381
14667 379
15098 382
15529 387
15960 381
16392 379
16823 381
17254 376
17685 385
18116 387
18547 390
18978 384
19409 377
19840 376
20272 372
20703 380
21135 387
21567 391
21998 391
22429 386
22860 390
23291 394
23722 396
24153 399
24584 400
25015 401
25446 397
25877 388
26308 392
26739 393
27171 392
27602 395
28033 396
28464 386
28895 390
29326 390
29757 394
30188 394
30619 400
31050 390
31481 385
31912 383
32344 379
32775 379
33206 380
33637 385
34068 386
34499 394
34930 397
35361 391
35792 388
36223 382
36654 385
37085 381
37516 385
37948 382
38379 390
38810 393
39241 389
39672 384
40106 390
40537 341
40968 356
41399 371
41830 371
42261 370
42692 379
43123 376
43554 385
43985 382
44416 386
44847 390
45278 383
45709 381
46142 384
46573 378
47004 388
47436 392
47867 394
48298 398
48729 398
49160 400
49591 400
50036 400
50474 402
50905 391
51336 393
51767 395
52198 387
52629 384
53060 386
53491 379
53922 382
54353 389
54784 390
55215 382
55646 385
56077 387
56508 384
56939 376
57370 378
57801 383
58232 387
58663 384
59097 390
59528 393
59959 392
60390 394
60821 400
61252 399
61683 393
62114 388
62545 390
62976 394
63407 386
63838 391
64269 391
64700 385
65131 382
65564 387
65995 385
66426 387
66857 382
67288 380
67719 375
68150 376
68581 385
69012 385
69443 386
69874 380
70305 388
70736 393
71167 388
71598 390
72029 382
72460 384
72891 392
73322 393
73753 394
74184 394
74615 398
75046 395
75477 397
75908 399
76339 386
76770 390
77201 393
77632 395
78063 394
78494 395
78925 394
79356 398
79787 397
80218 393
80649 391
81084 387
81515 386
81946 389
82377 391
82808 385
83239 385
83670 388
84101 392
84532 386
84963 377
85394 373
85825 381
86256 382
86687 336
87118 346
87549 350
87980 364
88411 375
88842 375
89273 377
89704 382
90137 394
90568 395
90999 392
91430 394
91861 385
92292 380
92723 378
93154 384
93585 380
94016 385
94447 388
94878 393
95309 387
95740 384
96171 381
96602 379
97033 381
97464 380
97895 384
98326 339
98757 347
99189 361
99620 365
100051 374
100482 371
100913 375
101344 383
101775 379
102206 377
102637 380
103071 388
103502 392
103933 394
104364 396
104795 396
105226 399
105657 396
106088 388
106519 381
106950 380
107382 387
107813 381
108244 382
108675 387
109106 390
109537 394
109968 398
110399 400
110830 398
111261 389
111692 386
112123 391
112554 388
112985 391
113416 394
113847 401
114278 392
114709 393
115142 387
115573 383
116004 388
116435 390
116866 397
117297 391
117728 386
118159 392
118590 396
119021 401
119452 399
119883 396
120314 395
120745 393
121176 388
121607 390
122038 382
122469 389
122900 383
123331 381
123762 378
124193 373
124624 376
125058 384
125490 390
125921 394
126352 344
126783 349
127214 359
127645 360
128076 372
128507 380
128938 376
129369 372
129800 382
130231 389
130662 384
131093 386
131524 393
131955 393
132386 389
132817 382
133248 335
133679 351
134110 355
134541 363
134972 373
135403 376
135834 388
136265 339
136696 353
137127 365
137560 370
137991 381
138422 377
138853 378
139284 386
139715 390
140146 383
140577 381
141008 385
141439 386
141870 390
142301 381
142732 385
143163 385
143594 386
144025 389
144456 390
144887 392
145318 395
145749 390
146180 390
146611 394
147046 397
147477 392
147908 397
148339 399
148770 391
149201 392
149632 398
150063 394
150494 386
150925 391
151356 384
151787 392
152218 395
152649 393
153080 389
153511 383
153942 379
154373 385
154804 385
155235 385
155666 385
156097 379
156528 381
156959 379
157390 376
157821 386
158252 340
158683 355
159114 356
159545 370
159976 381
160407 384
160838 388
161269 395
161700 389
162131 391
162564 389
162995 381
163426 384
163857 379
164288 382
164719 335
165150 352
165581 366
166012 376
166443 385
166874 381
167305 375
167736 381
168167 379
168598 378
169033 381
169464 381
169895 384
170326 380
170757 386
171188 380
171619 384
172050 390
172481 381
172912 385
173343 385
173774 388
174205 393
174636 389
175067 382
175498 389
175929 389
176360 392
176791 388
177222 391
177653 390
178084 341
178515 349
178946 361
179377 371
179808 371
180239 373
180670 377
181101 378
181532 372
181963 370
182394 380
182825 388
183256 391
183687 389
184118 390
184549 392
184980 394
185411 393
185842 394
186273 347
186704 355
187137 356
187568 371
187999 377
188430 374
188861 381
189292 377
189723 379
190154 380
190585 387
191020 389
191451 383
191882 386
192313 387
192744 383
193175 379
193606 379
194037 378
194468 386
194899 394
195330 396
195761 399
196192 400
196623 400
197054 401
197485 392
197916 393
198347 386
198778 395
199209 395
199640 389
200071 385
200502 384
200933 387
201364 381
201795 380
202226 378
202657 385
203088 385
203519 387
203950 385
204381 380
204812 385
205243 385
205674 388
206105 393
206536 387
206967 387
207398 388
207829 379
208260 383
208691 386
209123 394
209554 399
209985 388
210416 393
210847 391
211278 387
211709 385
212141 387
212572 389
213007 388
213438 389
213869 388
214300 396
214731 398
215162 402
215593 404
216024 409
216455 396
216886 395
217317 386
217748 392
218179 396
218610 400
219041 400
219472 403
219903 393
220334 385
220765 386
221196 393
221627 391
222058 387
222489 386
222920 392
223351 392
223782 397
224213 396
224644 396
225075 401
225506 393
225937 392
226368 393
226799 393
227230 388
227661 389
228092 397
228523 385
228954 387
229386 387
229817 381
230248 386
230679 390
231110 394
231541 347
231972 353
232403 364
232834 364
233265 363
233696 367
234127 373
234559 380
234994 387
235425 382
235856 386
236287 390
236718 394
237149 395
237580 392
238011 394
238442 396
238873 399
239304 392
239735 396
240166 384
240597 388
241028 383
241459 380
241890 388
242321 390
242752 343
243183 351
243614 359
244045 366
244476 376
244907 381
245338 381
245769 382
246200 389
246631 390
247062 395
247493 394
247924 344
248355 361
248786 370
249217 368
249648 374
250079 382
250510 379
250941 384
251372 387
251803 382
252234 388
252665 383
253096 380
253527 385
253958 386
254390 391
254821 395
255252 387
255683 383
256114 378
256545 385
256976 389
257410 389
257841 388
258272 393
258703 389
259136 387
259567 384
259998 390
260429 393
260860 388
261291 394
261722 398
262153 400
262584 401
263015 396
263446 403
263877 392
264308 385
264739 384
265170 385
265601 390
266032 381
266463 381
266894 379
267325 378
267756 382
268187 393
268618 391
269049 382
269480 389
269911 385
270342 386
270773 392
271204 392
271635 384
272066 387
272497 385
272928 387
273359 390
273790 393
274221 393
274652 392
275083 392
275514 398
275945 387
276376 384
276807 379
277239 384
277670 389
278101 390
278532 391
278963 384
279397 391
279828 393
280259 393
280690 389
281121 384
281552 389
281983 391
282414 385
282845 384
283276 388
283707 393
284140 383
284571 382
285002 386
285433 393
285864 395
286295 390
286726 396
287157 396
287588 394
288019 399
288450 388
288881 392
289312 391
289743 394
290174 394
290605 385
291036 383
291467 386
291898 396
292329 396
292760 400
293191 400
293622 393
294053 391
294484 385
294915 382
295346 389
295777 382
296208 340
296639 357
297070 369
297501 371
297932 378
298363 373
298794 381
299225 381
299656 381
300087 384
300518 388
300949 383
301384 383
301815 380
302246 387
302677 381
303108 382
303539 389
303970 388
304401 382
304832 388
305263 393
305694 390
306125 392
306556 396
306987 398
307418 399
307849 398
308280 387
308711 386
309143 390
309574 392
310005 380
310436 388
310867 393
311298 388
311729 390
312160 396
312591 397
313022 396
313453 400
313884 403
314315 398
314746 397
315177 393
315608 392
316039 343
316470 353
316901 361
317332 372
317763 371
318194 379
318625 376
319056 378
319487 388
319918 392
320349 393
320780 394
321211 401
321642 397
322073 390
322504 394
322939 385
323370 387
323801 382
324232 374
324663 372
325094 377
325525 381
325956 381
326387 378
326818 388
327249 392
327680 395
328111 395
328542 389
328973 388
329404 381
329835 384
330266 389
330697 392
331128 400
331561 392
331992 391
332423 385
332854 382
333285 385
333716 389
334147 389
334578 389
335009 389
335440 385
335871 387
336302 386
336733 393
337164 386
337595 399
338026 390
338457 390
338888 383
339319 380
339750 375
340181 375
340612 374
341043 384
341474 387
341905 386
342336 387
342767 392
343198 381
343629 383
344060 377
344491 380
344926 382
345357 379
345788 378
346219 387
346650 382
347081 338
347512 359
347943 355
348374 362
348805 372
349236 387
349667 383
350098 380
350529 394
350960 397
351391 384
351822 387
352253 383
352684 388
353115 382
353546 376
353977 372
354408 381
354839 377
355270 380
355701 390
356134 382
356566 374
356997 383
357428 376
357859 388
358290 389
358721 390
359152 385
359583 383
360014 386
360445 394
360876 396
361307 397
361738 392
362169 396
362600 399
363031 392
363462 391
363893 384
364324 395
364755 392
365186 388
365617 391
366048 391
366479 388
366914 379
367345 386
367776 376
368207 375
368638 379
369069 379
369500 384
369931 388
370362 391
370793 382
371224 388
371655 396
372086 398
372517 347
372948 356
373379 366
373810 376
374241 383
374672 385
375103 381
375534 386
375965 386
376396 394
376827 393
377258 391
377689 388
378120 395
378551 391
378982 388
379413 389
379844 390
380275 389
380706 387
381139 397
381570 388
382001 393
382432 385
382863 381
383294 378
383725 389
384156 385
384587 384
385018 380
385449 387
385880 385
386311 389
386742 385
387173 382
387604 377
388035 380
388466 380
388901 387
389332 382
389763 386
390194 390
390625 385
391056 381
391487 383
391918 384
392349 390
392780 391
393211 393
393642 384
394073 398
394504 386
394935 397
395366 389
395797 394
396228 396
396659 394
397090 401
397521 398
397952 398
398383 393
398814 394
399245 384
399676 389
400108 383
400539 389
400970 388
401401 388
401832 393
402263 391
402694 383
403125 388
403556 394
403987 394
404418 398
404849 390
405280 392
405711 382
406143 384
406574 391
407005 385
407436 392
407867 393
408298 386
408729 388
409160 385
409591 376
410022 383
410453 385
410887 393
411318 381
411749 382
412180 384
412611 385
413042 379
413473 380
413904 393
414335 379
414766 378
415197 391
415628 376
416059 437
416490 419
416921 325
417352 345
417783 362
418214 374
418645 344
419076 384
419508 411
419939 397
420370 374
420801 363
421232 363
421663 365
422094 375
422525 385
422956 395
423387 393
423818 393
424249 387
424680 377
425111 372
425542 368
425973 384
426404 396
426835 351
427266 357
427697 358
428128 370
428561 376
428992 386
429423 388
429854 398
430285 392
430716 385
