10 464
442 456
873 443
1308 426
1740 401
2171 399
2603 398
3034 386
3466 380
3897 385
4329 382
4760 388
5192 395
5623 400
6055 399
6486 396
6918 388
7349 404
7781 393
8212 383
8644 391
9075 386
9507 394
9938 395
10370 385
10801 392
11233 395
11664 387
12095 386
12527 383
12958 373
13390 384
13821 386
14253 388
14684 382
15116 387
15547 372
15979 380
16410 383
16842 389
17273 381
17705 383
18136 371
18568 373
18999 380
19431 384
19866 389
20297 393
20729 391
21160 389
21592 382
22023 380
22455 390
22886 393
23318 391
23749 394
24181 401
24612 396
25044 397
25475 387
25907 380
26338 385
26770 380
27201 392
27633 391
28064 391
28496 397
28927 392
29359 393
29790 390
30222 392
30653 397
31085 389
31516 377
31948 376
32379 384
32811 388
33242 392
33674 394
34105 392
34537 397
34968 396
35400 398
35831 398
36263 401
36694 398
37126 396
37557 402
37991 403
38422 401
38854 398
39285 399
39717 406
40148 411
40580 403
41011 400
41443 401
41874 394
42305 402
42737 406
43168 402
43600 411
44031 404
44463 395
44894 395
45326 390
45758 395
46189 381
46620 389
47052 393
47483 392
47915 389
48346 384
48778 379
49209 381
49641 376
50087 399
50518 366
50950 372
51381 338
51813 305
52244 306
52675 346
53107 360
53538 341
53970 379
54401 375
54833 374
55264 395
55696 391
56127 369
56559 390
56992 394
57423 370
57855 405
58286 414
58718 361
59149 379
59581 405
60012 388
60443 368
60875 412
61306 404
61738 381
62169 417
62601 393
63032 370
63464 402
63895 405
64327 381
64758 382
65189 397
65621 361
66052 383
66484 394
66915 366
67347 378
67778 406
68210 374
68641 361
69072 407
69504 403
69935 372
70367 397
70798 377
71233 373
71665 398
72096 401
72528 378
72959 390
73391 406
73822 388
74253 404
74685 416
75116 373
75548 381
75979 410
76413 401
76844 372
77275 414
77707 416
78138 386
78570 428
79001 405
79433 381
79864 404
80296 400
80727 377
81159 380
81590 389
82021 364
82453 375
82884 394
83316 352
83747 377
84179 404
84610 394
85042 359
85473 393
85904 402
86336 370
86767 410
87199 399
87630 390
88062 410
88493 415
88925 386
89356 397
89791 419
90223 392
90654 398
91086 417
91517 380
91948 395
92380 409
92811 390
93243 372
93674 402
94106 405
94537 368
94969 404
95400 398
95831 371
96263 388
96694 379
97126 373
97557 370
97991 395
98422 360
98853 365
99285 389
99716 360
100148 379
100579 403
101011 382
101442 375
101874 412
102305 405
102737 379
103168 400
103600 393
104031 380
104462 401
104894 412
105325 376
105757 389
106188 396
106620 375
107051 384
107483 391
107914 377
108345 387
108777 407
109208 378
109640 365
110071 402
110503 392
110934 374
111366 410
111797 399
112229 374
112660 395
113091 392
113523 364
113954 380
114386 387
114817 362
115249 371
115680 404
116112 378
116543 370
116975 404
117406 374
117838 373
118269 404
118700 400
119132 379
119563 410
119996 392
120427 369
120859 403
121290 384
121722 380
122153 387
122585 397
123016 377
123448 384
123879 412
124311 382
124742 401
125177 419
125608 388
126040 388
126471 414
126903 392
127334 382
127766 367
128197 359
128629 353
129060 379
129491 372
129923 355
130354 384
130786 398
131217 370
131649 382
132080 404
132512 372
132943 379
133374 398
133806 374
134237 324
134669 368
135100 311
135532 315
135963 361
136395 361
136826 349
137258 386
137689 372
138121 365
138552 384
138983 348
139417 319
139848 359
140280 382
140711 367
141142 385
141574 397
142005 373
142437 377
142868 411
143300 391
143735 363
144166 395
144598 393
145029 371
145461 406
145892 392
146324 359
146755 384
147186 402
147618 372
148049 374
148481 400
148912 376
149344 382
149775 409
150207 376
150638 382
151070 419
151501 391
151932 366
152364 412
152795 406
153227 367
153658 402
154090 390
154521 383
154953 408
155384 400
155815 380
156247 393
156678 409
157110 384
157541 402
157973 402
158404 379
158836 411
159267 427
159699 349
160130 365
160561 381
160995 405
161426 395
161858 398
162289 381
162724 348
163155 378
163587 394
164018 382
164450 407
164881 407
165313 375
165744 363
166176 367
166607 352
167038 377
167470 412
167901 398
168333 378
168764 386
169196 380
169627 371
170059 400
170490 398
170922 390
171353 412
171784 391
172216 355
172647 372
173079 386
173510 390
173942 406
174373 421
174805 388
175236 383
175668 396
176099 383
176531 389
176962 404
177393 394
177825 376
178256 390
178688 376
179119 368
179551 391
179982 392
180415 377
180847 391
181278 393
181710 361
182141 366
182573 373
183004 345
183436 358
183867 374
184298 348
184730 337
185161 366
185593 366
186024 360
186456 386
186887 388
187319 369
187750 389
188181 383
188613 370
189044 400
189476 408
189907 381
190339 381
190770 400
191202 384
191633 388
192065 415
192496 384
192928 375
193359 397
193790 393
194222 399
194653 421
195085 416
195516 391
195948 393
196379 382
196811 360
197242 393
197674 391
198105 364
198536 371
198968 383
199399 365
199831 375
200262 393
200694 377
201125 374
201557 387
201991 367
202422 366
202853 391
203285 388
203716 382
204148 394
204579 346
205011 345
205442 374
205874 393
206305 379
206737 382
207168 406
207599 395
208031 396
208462 420
208894 396
209325 384
209757 398
210188 368
210620 363
211051 384
211483 391
211914 369
212345 388
212777 393
213208 368
213640 402
214071 398
214503 374
214934 373
215366 379
215797 369
216229 365
216660 393
217095 368
217526 373
217958 399
218389 374
218821 380
219252 400
219684 405
220115 376
220547 389
220978 393
221409 367
221841 393
222272 389
222704 372
223135 396
223567 401
223998 385
224430 383
224861 407
225292 379
225724 376
226155 408
226587 387
227018 380
227450 398
227881 402
228313 379
228744 390
229175 399
229607 365
230038 395
230470 391
230901 363
231333 381
231764 380
232196 373
232627 367
233059 391
233490 374
233922 367
234353 392
234784 374
235216 385
235651 398
236082 400
236514 377
236945 394
237377 401
237808 369
238240 404
238671 393
239103 376
239534 395
239965 396
240397 392
240828 390
241260 418
241691 395
242123 387
242554 415
242987 382
243419 380
243850 391
244282 387
244713 371
245145 382
245576 394
246008 370
246439 393
246870 389
247302 365
247733 383
248165 373
248596 362
249028 363
249459 390
249891 374
250331 375
250762 387
251194 373
251625 377
252060 384
252492 374
252923 329
253354 348
253786 350
254217 368
254649 371
255080 380
255512 381
255943 383
256374 389
256806 392
257237 402
257669 391
258100 394
258532 387
258963 384
259394 391
259826 388
260257 394
260689 396
261120 401
261552 396
261983 385
262416 388
262848 393
263279 387
263711 380
264142 381
264573 373
265005 372
265436 380
265868 374
266299 383
266731 381
267162 383
267593 387
268025 381
268456 384
268888 388
269319 387
269750 383
270182 378
270617 372
271048 375
271480 374
271911 331
272343 346
272774 356
273206 372
273637 383
274069 385
274500 387
274931 387
275363 382
275794 389
276226 388
276657 395
277089 394
277520 401
277951 394
278383 399
278814 392
279246 392
279677 397
280108 395
280540 396
280971 393
281403 380
281834 333
282266 343
282697 354
283129 369
283560 364
283993 366
284425 324
284856 345
285287 359
285719 365
286150 371
286582 367
287013 373
287445 378
287876 388
288307 397
288739 390
289170 400
289605 403
290037 403
290468 404
290900 408
291331 406
291762 410
292194 405
292625 393
293057 397
293488 397
293920 398
294351 395
294782 398
295214 400
295645 398
296077 397
296508 401
296940 402
297371 394
297802 393
298234 386
298665 384
299097 388
299528 380
299960 385
300391 383
300822 380
301254 377
301685 379
302117 374
302548 383
302980 383
303413 390
303844 390
304276 380
304707 390
305138 385
305570 385
306001 396
306433 390
306864 397
307296 394
307727 399
308158 398
308590 401
309021 393
309453 391
309884 391
310316 382
310747 340
311178 354
311610 368
312041 381
312473 381
312904 378
313336 372
313767 382
314198 385
314630 384
315061 389
315493 379
315924 378
316356 385
316787 383
317218 379
317650 379
318081 378
318513 383
318944 378
319376 375
319807 379
320238 386
320670 393
321101 393
321533 388
321964 392
322396 401
322827 405
323258 409
323690 396
324121 400
324553 400
324984 400
325418 404
325849 406
326280 406
326712 393
327143 386
327575 396
328006 398
328438 395
328869 394
329300 402
329732 402
330163 347
330595 359
331026 361
331458 364
331889 367
332320 368
332752 375
333183 375
333615 371
334046 378
334478 385
334909 382
335340 389
335772 383
336203 382
336635 377
337066 378
337498 388
337929 394
338360 394
338792 393
339223 395
339655 390
340086 385
340518 391
340949 390
341380 346
341812 366
342243 377
342675 380
343106 388
343538 395
343969 392
344400 396
344832 393
345263 388
345695 396
346126 394
346558 346
346991 352
347422 361
347854 360
348285 370
348716 379
349148 374
349579 383
350011 378
350442 386
350874 389
351305 386
351736 392
352168 381
352599 381
353031 382
353462 387
353894 387
354325 389
354756 394
355188 397
355619 392
356051 398
356482 407
356914 406
357345 395
357776 390
358208 385
358639 387
359071 386
359502 393
359934 387
360365 390
360797 389
361228 387
361659 394
362091 396
362522 398
362957 347
363389 355
363820 361
364251 363
364683 361
365114 364
365546 371
365977 372
366409 374
366840 366
367271 377
367703 374
368134 384
368566 388
368997 396
369429 397
369860 392
370292 394
370723 345
371154 359
371586 368
372017 330
372449 351
372880 366
373312 381
373743 388
374174 396
374606 400
375037 402
375469 399
375900 395
376332 394
376763 396
377194 396
377626 394
378057 393
378489 394
378920 397
379352 392
379783 395
380215 391
380646 380
381077 371
381512 374
381944 378
382375 384
382807 389
383238 383
383670 381
384101 379
384532 382
384964 386
385395 396
385827 400
386258 387
386690 388
387121 392
387553 386
387984 390
388417 396
388849 396
389280 391
389711 396
390143 399
390574 401
391006 400
391437 399
391869 398
392300 387
392731 391
393163 388
393594 390
394026 393
394457 395
394889 388
395320 389
395752 392
396183 393
396614 396
397046 387
397477 380
397909 374
398340 380
398772 386
399203 389
399634 386
400066 392
400501 389
400932 392
401364 395
401795 388
402227 393
402658 396
403089 395
403521 387
403952 386
404384 382
404815 387
405247 384
405678 393
406109 395
406541 391
406972 396
407404 397
407835 394
408267 402
408698 406
409129 408
409561 403
409994 400
410426 398
410857 399
411288 396
411720 387
412151 383
412583 377
413014 377
413446 373
413877 379
414308 375
414740 368
415171 375
415603 370
416034 378
416466 382
416897 377
417328 380
417760 381
418191 381
418623 380
419054 374
419486 381
419917 387
420348 381
420780 380
421211 386
421643 393
422074 395
422506 396
422937 390
423368 400
423800 405
424231 402
424663 407
425094 401
425526 395
425957 382
426388 391
426820 388
427251 382
427683 390
428114 399
428546 388
428977 391
429408 388
429840 392
430271 383
430703 380
431134 373
